0.628424657534	0.625475285171	0.619658119658	0.633251833741	0.641025641026	0.657534246575
0.628424657534	0.631178707224	0.638888888889	0.640586797066	0.646723646724	0.671232876712
0.628424657534	0.625475285171	0.634615384615	0.625916870416	0.606837606838	0.640410958904
0.628424657534	0.623574144487	0.630341880342	0.633251833741	0.638176638177	0.626712328767
0.628424657534	0.615969581749	0.623931623932	0.621026894866	0.626780626781	0.623287671233
0.628424657534	0.627376425856	0.630341880342	0.640586797066	0.632478632479	0.616438356164
0.628424657534	0.625475285171	0.630341880342	0.630806845966	0.623931623932	0.640410958904
0.628424657534	0.62927756654	0.630341880342	0.625916870416	0.652421652422	0.664383561644
0.628424657534	0.62927756654	0.645299145299	0.616136919315	0.623931623932	0.633561643836
0.628424657534	0.62927756654	0.641025641026	0.635696821516	0.641025641026	0.657534246575
0.628424657534	0.636882129278	0.630341880342	0.61858190709	0.609686609687	0.633561643836
0.628424657534	0.633079847909	0.632478632479	0.633251833741	0.609686609687	0.640410958904
0.628424657534	0.625475285171	0.626068376068	0.61858190709	0.626780626781	0.633561643836
0.628424657534	0.621673003802	0.615384615385	0.60391198044	0.60113960114	0.592465753425
0.628424657534	0.62927756654	0.621794871795	0.635696821516	0.641025641026	0.626712328767
0.628424657534	0.631178707224	0.632478632479	0.647921760391	0.660968660969	0.66095890411
0.628424657534	0.636882129278	0.649572649573	0.647921760391	0.62962962963	0.654109589041
0.628424657534	0.62927756654	0.632478632479	0.633251833741	0.638176638177	0.647260273973
0.628424657534	0.638783269962	0.65811965812	0.652811735941	0.65811965812	0.674657534247
0.628424657534	0.61216730038	0.626068376068	0.633251833741	0.62962962963	0.640410958904
0.628424657534	0.621673003802	0.623931623932	0.628361858191	0.62962962963	0.626712328767
0.628424657534	0.621673003802	0.623931623932	0.630806845966	0.643874643875	0.647260273973
0.628424657534	0.625475285171	0.634615384615	0.633251833741	0.643874643875	0.664383561644
0.628424657534	0.627376425856	0.651709401709	0.633251833741	0.632478632479	0.640410958904
0.628424657534	0.634980988593	0.636752136752	0.650366748166	0.655270655271	0.640410958904
0.628424657534	0.625475285171	0.621794871795	0.628361858191	0.623931623932	0.63698630137
0.628424657534	0.631178707224	0.623931623932	0.633251833741	0.635327635328	0.63698630137
0.628424657534	0.623574144487	0.619658119658	0.621026894866	0.618233618234	0.630136986301
0.628424657534	0.633079847909	0.623931623932	0.623471882641	0.612535612536	0.616438356164
0.628424657534	0.633079847909	0.645299145299	0.650366748166	0.660968660969	0.657534246575
0.628424657534	0.623574144487	0.615384615385	0.623471882641	0.615384615385	0.58904109589
0.628424657534	0.634980988593	0.626068376068	0.635696821516	0.632478632479	0.643835616438
0.628424657534	0.62927756654	0.638888888889	0.640586797066	0.62962962963	0.630136986301
0.628424657534	0.625475285171	0.623931623932	0.623471882641	0.621082621083	0.623287671233
0.628424657534	0.634980988593	0.632478632479	0.647921760391	0.638176638177	0.643835616438
0.628424657534	0.62927756654	0.619658119658	0.621026894866	0.632478632479	0.63698630137
0.628424657534	0.623574144487	0.623931623932	0.625916870416	0.623931623932	0.623287671233
0.628424657534	0.619771863118	0.626068376068	0.630806845966	0.62962962963	0.633561643836
0.628424657534	0.644486692015	0.643162393162	0.643031784841	0.646723646724	0.63698630137
0.628424657534	0.633079847909	0.628205128205	0.630806845966	0.638176638177	0.63698630137
0.628424657534	0.621673003802	0.628205128205	0.611246943765	0.612535612536	0.633561643836
0.628424657534	0.636882129278	0.636752136752	0.660146699267	0.663817663818	0.657534246575
0.628424657534	0.608365019011	0.606837606838	0.60880195599	0.621082621083	0.599315068493
0.628424657534	0.634980988593	0.641025641026	0.650366748166	0.65811965812	0.66095890411
0.628424657534	0.621673003802	0.617521367521	0.61858190709	0.618233618234	0.609589041096
0.628424657534	0.621673003802	0.619658119658	0.625916870416	0.632478632479	0.619863013699
0.628424657534	0.631178707224	0.634615384615	0.640586797066	0.65811965812	0.640410958904
0.628424657534	0.62927756654	0.628205128205	0.61858190709	0.652421652422	0.647260273973
0.628424657534	0.615969581749	0.619658119658	0.625916870416	0.641025641026	0.640410958904
0.628424657534	0.634980988593	0.638888888889	0.611246943765	0.623931623932	0.643835616438
0.628424657534	0.62927756654	0.628205128205	0.621026894866	0.621082621083	0.616438356164
0.628424657534	0.627376425856	0.621794871795	0.625916870416	0.62962962963	0.623287671233
0.628424657534	0.623574144487	0.626068376068	0.635696821516	0.632478632479	0.647260273973
0.628424657534	0.623574144487	0.628205128205	0.643031784841	0.660968660969	0.678082191781
0.628424657534	0.631178707224	0.630341880342	0.630806845966	0.632478632479	0.619863013699
0.628424657534	0.638783269962	0.649572649573	0.647921760391	0.660968660969	0.664383561644
0.628424657534	0.625475285171	0.630341880342	0.647921760391	0.646723646724	0.657534246575
0.628424657534	0.625475285171	0.634615384615	0.643031784841	0.641025641026	0.647260273973
0.628424657534	0.633079847909	0.638888888889	0.638141809291	0.623931623932	0.640410958904
0.628424657534	0.621673003802	0.617521367521	0.621026894866	0.612535612536	0.61301369863
0.628424657534	0.640684410646	0.647435897436	0.647921760391	0.646723646724	0.664383561644
0.628424657534	0.619771863118	0.623931623932	0.623471882641	0.615384615385	0.623287671233
0.628424657534	0.633079847909	0.641025641026	0.643031784841	0.660968660969	0.678082191781
0.628424657534	0.631178707224	0.641025641026	0.645476772616	0.655270655271	0.691780821918
0.628424657534	0.631178707224	0.634615384615	0.635696821516	0.62962962963	0.609589041096
0.628424657534	0.621673003802	0.623931623932	0.60880195599	0.632478632479	0.640410958904
0.628424657534	0.627376425856	0.643162393162	0.638141809291	0.646723646724	0.643835616438
0.628424657534	0.631178707224	0.623931623932	0.628361858191	0.62962962963	0.619863013699
0.628424657534	0.615969581749	0.613247863248	0.61858190709	0.641025641026	0.650684931507
0.628424657534	0.631178707224	0.643162393162	0.638141809291	0.643874643875	0.678082191781
0.628424657534	0.62927756654	0.611111111111	0.625916870416	0.641025641026	0.633561643836
0.628424657534	0.623574144487	0.623931623932	0.61858190709	0.62962962963	0.633561643836
0.628424657534	0.62927756654	0.623931623932	0.61369193154	0.623931623932	0.609589041096
0.628424657534	0.636882129278	0.630341880342	0.635696821516	0.646723646724	0.626712328767
0.628424657534	0.619771863118	0.632478632479	0.645476772616	0.635327635328	0.643835616438
0.628424657534	0.623574144487	0.623931623932	0.61369193154	0.612535612536	0.616438356164
0.628424657534	0.621673003802	0.619658119658	0.621026894866	0.632478632479	0.633561643836
0.628424657534	0.634980988593	0.623931623932	0.652811735941	0.652421652422	0.66095890411
0.628424657534	0.625475285171	0.626068376068	0.625916870416	0.621082621083	0.63698630137
0.628424657534	0.636882129278	0.638888888889	0.638141809291	0.660968660969	0.678082191781
0.628424657534	0.636882129278	0.647435897436	0.647921760391	0.65811965812	0.664383561644
0.628424657534	0.627376425856	0.623931623932	0.633251833741	0.643874643875	0.66095890411
0.628424657534	0.62927756654	0.628205128205	0.630806845966	0.621082621083	0.61301369863
0.628424657534	0.627376425856	0.626068376068	0.61858190709	0.626780626781	0.640410958904
0.628424657534	0.62927756654	0.638888888889	0.650366748166	0.65811965812	0.654109589041
0.628424657534	0.634980988593	0.643162393162	0.652811735941	0.65811965812	0.654109589041
0.628424657534	0.633079847909	0.630341880342	0.650366748166	0.62962962963	0.640410958904
0.628424657534	0.634980988593	0.636752136752	0.633251833741	0.649572649573	0.667808219178
0.628424657534	0.638783269962	0.641025641026	0.660146699267	0.660968660969	0.678082191781
0.628424657534	0.627376425856	0.630341880342	0.640586797066	0.65811965812	0.657534246575
0.628424657534	0.62927756654	0.649572649573	0.650366748166	0.643874643875	0.66095890411
0.628424657534	0.617870722433	0.619658119658	0.628361858191	0.62962962963	0.626712328767
0.628424657534	0.634980988593	0.645299145299	0.650366748166	0.646723646724	0.63698630137
0.628424657534	0.638783269962	0.645299145299	0.640586797066	0.660968660969	0.657534246575
0.628424657534	0.625475285171	0.632478632479	0.630806845966	0.632478632479	0.626712328767
0.628424657534	0.625475285171	0.626068376068	0.633251833741	0.62962962963	0.623287671233
0.628424657534	0.642585551331	0.649572649573	0.647921760391	0.660968660969	0.654109589041
0.628424657534	0.636882129278	0.638888888889	0.667481662592	0.675213675214	0.657534246575
0.628424657534	0.62927756654	0.630341880342	0.633251833741	0.641025641026	0.63698630137
0.628424657534	0.631178707224	0.636752136752	0.640586797066	0.626780626781	0.602739726027
