0.652397260274	0.652091254753	0.655982905983	0.679706601467	0.683760683761	0.698630136986
0.652397260274	0.663498098859	0.67094017094	0.669926650367	0.680911680912	0.702054794521
0.652397260274	0.653992395437	0.65811965812	0.650366748166	0.646723646724	0.671232876712
0.652397260274	0.653992395437	0.662393162393	0.660146699267	0.655270655271	0.640410958904
0.652397260274	0.6463878327	0.65811965812	0.665036674817	0.675213675214	0.674657534247
0.652397260274	0.65969581749	0.662393162393	0.677261613692	0.669515669516	0.664383561644
0.652397260274	0.655893536122	0.660256410256	0.674816625917	0.663817663818	0.674657534247
0.652397260274	0.657794676806	0.662393162393	0.660146699267	0.675213675214	0.691780821918
0.652397260274	0.663498098859	0.66452991453	0.643031784841	0.641025641026	0.650684931507
0.652397260274	0.667300380228	0.65811965812	0.660146699267	0.65811965812	0.681506849315
