0.616438356164	0.621673003802	0.617521367521	0.628361858191	0.635327635328	0.657534246575
0.616438356164	0.631178707224	0.632478632479	0.640586797066	0.646723646724	0.671232876712
0.616438356164	0.623574144487	0.628205128205	0.623471882641	0.603988603989	0.640410958904
0.616438356164	0.627376425856	0.641025641026	0.633251833741	0.635327635328	0.626712328767
0.616438356164	0.614068441065	0.626068376068	0.621026894866	0.623931623932	0.619863013699
0.616438356164	0.625475285171	0.630341880342	0.640586797066	0.632478632479	0.619863013699
0.616438356164	0.627376425856	0.630341880342	0.630806845966	0.621082621083	0.640410958904
0.616438356164	0.627376425856	0.630341880342	0.623471882641	0.652421652422	0.664383561644
0.616438356164	0.625475285171	0.636752136752	0.616136919315	0.623931623932	0.626712328767
0.618150684932	0.627376425856	0.634615384615	0.630806845966	0.635327635328	0.657534246575
0.616438356164	0.636882129278	0.632478632479	0.623471882641	0.612535612536	0.633561643836
0.616438356164	0.62927756654	0.636752136752	0.638141809291	0.615384615385	0.63698630137
0.616438356164	0.615969581749	0.621794871795	0.621026894866	0.621082621083	0.623287671233
0.616438356164	0.606463878327	0.611111111111	0.601466992665	0.592592592593	0.582191780822
0.616438356164	0.62927756654	0.621794871795	0.628361858191	0.632478632479	0.619863013699
0.616438356164	0.631178707224	0.632478632479	0.645476772616	0.652421652422	0.654109589041
0.618150684932	0.636882129278	0.653846153846	0.647921760391	0.626780626781	0.650684931507
0.616438356164	0.625475285171	0.628205128205	0.625916870416	0.626780626781	0.63698630137
0.618150684932	0.636882129278	0.65811965812	0.650366748166	0.649572649573	0.667808219178
0.616438356164	0.608365019011	0.623931623932	0.628361858191	0.62962962963	0.643835616438
0.616438356164	0.617870722433	0.621794871795	0.625916870416	0.62962962963	0.630136986301
0.616438356164	0.621673003802	0.626068376068	0.633251833741	0.641025641026	0.650684931507
0.616438356164	0.619771863118	0.626068376068	0.625916870416	0.641025641026	0.66095890411
0.616438356164	0.615969581749	0.643162393162	0.625916870416	0.62962962963	0.63698630137
0.616438356164	0.62927756654	0.630341880342	0.650366748166	0.652421652422	0.643835616438
0.616438356164	0.621673003802	0.617521367521	0.621026894866	0.618233618234	0.640410958904
0.618150684932	0.627376425856	0.621794871795	0.635696821516	0.643874643875	0.640410958904
0.616438356164	0.614068441065	0.621794871795	0.625916870416	0.621082621083	0.630136986301
0.616438356164	0.631178707224	0.621794871795	0.623471882641	0.615384615385	0.61301369863
0.616438356164	0.633079847909	0.643162393162	0.647921760391	0.655270655271	0.654109589041
0.616438356164	0.619771863118	0.617521367521	0.621026894866	0.615384615385	0.592465753425
0.618150684932	0.62927756654	0.623931623932	0.630806845966	0.62962962963	0.640410958904
0.616438356164	0.631178707224	0.643162393162	0.638141809291	0.632478632479	0.633561643836
0.616438356164	0.625475285171	0.623931623932	0.621026894866	0.615384615385	0.619863013699
0.618150684932	0.633079847909	0.630341880342	0.640586797066	0.632478632479	0.640410958904
0.616438356164	0.62927756654	0.619658119658	0.616136919315	0.632478632479	0.63698630137
0.616438356164	0.623574144487	0.628205128205	0.630806845966	0.626780626781	0.626712328767
0.616438356164	0.614068441065	0.621794871795	0.628361858191	0.62962962963	0.63698630137
0.616438356164	0.642585551331	0.638888888889	0.635696821516	0.638176638177	0.633561643836
0.616438356164	0.62927756654	0.617521367521	0.625916870416	0.632478632479	0.63698630137
0.618150684932	0.619771863118	0.623931623932	0.606356968215	0.609686609687	0.63698630137
0.616438356164	0.633079847909	0.632478632479	0.660146699267	0.666666666667	0.664383561644
0.616438356164	0.604562737643	0.606837606838	0.60880195599	0.615384615385	0.599315068493
0.616438356164	0.634980988593	0.638888888889	0.650366748166	0.655270655271	0.654109589041
0.616438356164	0.621673003802	0.615384615385	0.61369193154	0.618233618234	0.609589041096
0.616438356164	0.614068441065	0.617521367521	0.625916870416	0.62962962963	0.616438356164
0.616438356164	0.627376425856	0.630341880342	0.635696821516	0.655270655271	0.633561643836
0.616438356164	0.631178707224	0.626068376068	0.623471882641	0.655270655271	0.650684931507
0.618150684932	0.606463878327	0.617521367521	0.623471882641	0.638176638177	0.643835616438
0.616438356164	0.62927756654	0.636752136752	0.616136919315	0.626780626781	0.643835616438
0.616438356164	0.625475285171	0.623931623932	0.621026894866	0.618233618234	0.61301369863
0.616438356164	0.623574144487	0.617521367521	0.623471882641	0.623931623932	0.619863013699
0.616438356164	0.619771863118	0.628205128205	0.635696821516	0.62962962963	0.650684931507
0.616438356164	0.61216730038	0.626068376068	0.638141809291	0.649572649573	0.667808219178
0.616438356164	0.627376425856	0.623931623932	0.630806845966	0.635327635328	0.623287671233
0.616438356164	0.636882129278	0.651709401709	0.647921760391	0.65811965812	0.654109589041
0.616438356164	0.623574144487	0.634615384615	0.643031784841	0.649572649573	0.654109589041
0.616438356164	0.615969581749	0.630341880342	0.643031784841	0.643874643875	0.643835616438
0.616438356164	0.62927756654	0.636752136752	0.633251833741	0.621082621083	0.633561643836
0.616438356164	0.615969581749	0.615384615385	0.616136919315	0.609686609687	0.616438356164
0.616438356164	0.638783269962	0.647435897436	0.645476772616	0.643874643875	0.657534246575
0.616438356164	0.606463878327	0.619658119658	0.623471882641	0.609686609687	0.616438356164
0.616438356164	0.633079847909	0.641025641026	0.640586797066	0.663817663818	0.684931506849
0.616438356164	0.62927756654	0.641025641026	0.643031784841	0.655270655271	0.695205479452
0.616438356164	0.631178707224	0.630341880342	0.630806845966	0.621082621083	0.609589041096
0.616438356164	0.614068441065	0.617521367521	0.611246943765	0.635327635328	0.640410958904
0.616438356164	0.625475285171	0.641025641026	0.635696821516	0.641025641026	0.643835616438
0.616438356164	0.627376425856	0.619658119658	0.628361858191	0.621082621083	0.609589041096
0.616438356164	0.610266159696	0.608974358974	0.616136919315	0.638176638177	0.647260273973
0.616438356164	0.62927756654	0.647435897436	0.638141809291	0.646723646724	0.674657534247
0.616438356164	0.631178707224	0.619658119658	0.625916870416	0.62962962963	0.630136986301
0.618150684932	0.615969581749	0.619658119658	0.611246943765	0.623931623932	0.633561643836
0.618150684932	0.62927756654	0.621794871795	0.606356968215	0.623931623932	0.609589041096
0.616438356164	0.633079847909	0.623931623932	0.628361858191	0.643874643875	0.623287671233
0.616438356164	0.615969581749	0.630341880342	0.645476772616	0.638176638177	0.650684931507
0.616438356164	0.625475285171	0.626068376068	0.61369193154	0.609686609687	0.609589041096
0.616438356164	0.619771863118	0.615384615385	0.621026894866	0.62962962963	0.633561643836
0.618150684932	0.633079847909	0.619658119658	0.650366748166	0.649572649573	0.664383561644
0.616438356164	0.619771863118	0.621794871795	0.628361858191	0.612535612536	0.623287671233
0.616438356164	0.636882129278	0.638888888889	0.640586797066	0.65811965812	0.678082191781
0.61301369863	0.634980988593	0.649572649573	0.650366748166	0.669515669516	0.667808219178
0.618150684932	0.627376425856	0.623931623932	0.630806845966	0.641025641026	0.664383561644
0.616438356164	0.62927756654	0.623931623932	0.628361858191	0.615384615385	0.616438356164
0.616438356164	0.62927756654	0.626068376068	0.623471882641	0.626780626781	0.630136986301
0.618150684932	0.623574144487	0.636752136752	0.645476772616	0.652421652422	0.650684931507
0.616438356164	0.634980988593	0.641025641026	0.650366748166	0.65811965812	0.654109589041
0.616438356164	0.634980988593	0.632478632479	0.643031784841	0.626780626781	0.643835616438
0.616438356164	0.636882129278	0.632478632479	0.633251833741	0.649572649573	0.66095890411
0.616438356164	0.633079847909	0.636752136752	0.660146699267	0.663817663818	0.678082191781
0.616438356164	0.627376425856	0.628205128205	0.633251833741	0.65811965812	0.66095890411
0.616438356164	0.62927756654	0.651709401709	0.650366748166	0.643874643875	0.66095890411
0.616438356164	0.614068441065	0.613247863248	0.630806845966	0.632478632479	0.626712328767
0.616438356164	0.631178707224	0.641025641026	0.647921760391	0.641025641026	0.63698630137
0.618150684932	0.634980988593	0.645299145299	0.635696821516	0.655270655271	0.657534246575
0.616438356164	0.625475285171	0.628205128205	0.628361858191	0.635327635328	0.630136986301
0.616438356164	0.625475285171	0.626068376068	0.625916870416	0.626780626781	0.623287671233
0.616438356164	0.642585551331	0.645299145299	0.645476772616	0.652421652422	0.650684931507
0.616438356164	0.634980988593	0.643162393162	0.669926650367	0.680911680912	0.664383561644
0.616438356164	0.627376425856	0.626068376068	0.630806845966	0.638176638177	0.633561643836
0.616438356164	0.627376425856	0.636752136752	0.640586797066	0.632478632479	0.61301369863
