0.652397260274	0.652091254753	0.655982905983	0.679706601467	0.683760683761	0.698630136986
0.652397260274	0.663498098859	0.67094017094	0.669926650367	0.680911680912	0.702054794521
0.652397260274	0.653992395437	0.65811965812	0.650366748166	0.646723646724	0.671232876712
0.652397260274	0.653992395437	0.662393162393	0.660146699267	0.655270655271	0.640410958904
0.652397260274	0.6463878327	0.65811965812	0.665036674817	0.675213675214	0.674657534247
0.652397260274	0.65969581749	0.662393162393	0.677261613692	0.669515669516	0.664383561644
0.652397260274	0.655893536122	0.660256410256	0.674816625917	0.663817663818	0.674657534247
0.652397260274	0.657794676806	0.662393162393	0.660146699267	0.675213675214	0.691780821918
0.652397260274	0.663498098859	0.66452991453	0.643031784841	0.641025641026	0.650684931507
0.652397260274	0.667300380228	0.65811965812	0.660146699267	0.65811965812	0.681506849315
0.652397260274	0.667300380228	0.653846153846	0.652811735941	0.65811965812	0.674657534247
0.652397260274	0.665399239544	0.65811965812	0.684596577017	0.666666666667	0.678082191781
0.652397260274	0.650190114068	0.655982905983	0.657701711491	0.65811965812	0.657534246575
0.652397260274	0.653992395437	0.647435897436	0.650366748166	0.635327635328	0.630136986301
0.652397260274	0.667300380228	0.673076923077	0.687041564792	0.689458689459	0.681506849315
0.652397260274	0.65969581749	0.67094017094	0.684596577017	0.68660968661	0.705479452055
0.652397260274	0.669201520913	0.675213675214	0.677261613692	0.669515669516	0.702054794521
0.652397260274	0.661596958175	0.662393162393	0.674816625917	0.669515669516	0.691780821918
0.652397260274	0.669201520913	0.688034188034	0.677261613692	0.675213675214	0.691780821918
0.652397260274	0.642585551331	0.655982905983	0.660146699267	0.649572649573	0.650684931507
0.652397260274	0.653992395437	0.660256410256	0.667481662592	0.669515669516	0.664383561644
0.652397260274	0.648288973384	0.666666666667	0.660146699267	0.678062678063	0.671232876712
0.652397260274	0.65969581749	0.66452991453	0.660146699267	0.663817663818	0.684931506849
0.652397260274	0.653992395437	0.685897435897	0.665036674817	0.663817663818	0.66095890411
0.652397260274	0.669201520913	0.673076923077	0.687041564792	0.68660968661	0.674657534247
0.652397260274	0.657794676806	0.655982905983	0.662591687042	0.65811965812	0.671232876712
0.652397260274	0.657794676806	0.655982905983	0.677261613692	0.68660968661	0.671232876712
0.652397260274	0.652091254753	0.653846153846	0.660146699267	0.65811965812	0.664383561644
0.652397260274	0.674904942966	0.668803418803	0.674816625917	0.669515669516	0.667808219178
0.652397260274	0.665399239544	0.683760683761	0.689486552567	0.698005698006	0.698630136986
0.652397260274	0.652091254753	0.641025641026	0.645476772616	0.646723646724	0.619863013699
0.652397260274	0.652091254753	0.666666666667	0.679706601467	0.683760683761	0.691780821918
0.652397260274	0.653992395437	0.65811965812	0.667481662592	0.65811965812	0.647260273973
0.652397260274	0.655893536122	0.660256410256	0.650366748166	0.638176638177	0.664383561644
0.652397260274	0.667300380228	0.668803418803	0.687041564792	0.672364672365	0.688356164384
0.652397260274	0.65969581749	0.651709401709	0.645476772616	0.660968660969	0.664383561644
0.652397260274	0.657794676806	0.666666666667	0.660146699267	0.666666666667	0.657534246575
0.652397260274	0.657794676806	0.65811965812	0.667481662592	0.655270655271	0.671232876712
0.652397260274	0.67680608365	0.666666666667	0.669926650367	0.669515669516	0.66095890411
0.652397260274	0.65969581749	0.660256410256	0.657701711491	0.666666666667	0.66095890411
0.652397260274	0.657794676806	0.66452991453	0.655256723716	0.65811965812	0.667808219178
0.652397260274	0.669201520913	0.67735042735	0.699266503667	0.700854700855	0.691780821918
0.652397260274	0.644486692015	0.649572649573	0.647921760391	0.655270655271	0.633561643836
0.652397260274	0.657794676806	0.662393162393	0.669926650367	0.68660968661	0.691780821918
0.652397260274	0.644486692015	0.647435897436	0.662591687042	0.672364672365	0.657534246575
0.652397260274	0.652091254753	0.651709401709	0.662591687042	0.672364672365	0.671232876712
0.652397260274	0.661596958175	0.662393162393	0.665036674817	0.692307692308	0.678082191781
0.652397260274	0.65969581749	0.65811965812	0.645476772616	0.678062678063	0.678082191781
0.652397260274	0.644486692015	0.653846153846	0.660146699267	0.669515669516	0.681506849315
0.652397260274	0.669201520913	0.685897435897	0.662591687042	0.675213675214	0.671232876712
0.652397260274	0.655893536122	0.666666666667	0.655256723716	0.666666666667	0.66095890411
0.652397260274	0.661596958175	0.653846153846	0.665036674817	0.672364672365	0.671232876712
0.652397260274	0.644486692015	0.649572649573	0.665036674817	0.666666666667	0.678082191781
0.652397260274	0.655893536122	0.673076923077	0.687041564792	0.695156695157	0.712328767123
0.652397260274	0.661596958175	0.67094017094	0.679706601467	0.692307692308	0.684931506849
0.652397260274	0.665399239544	0.668803418803	0.667481662592	0.683760683761	0.688356164384
0.652397260274	0.661596958175	0.67094017094	0.687041564792	0.68660968661	0.695205479452
0.652397260274	0.65969581749	0.662393162393	0.674816625917	0.678062678063	0.678082191781
0.652397260274	0.663498098859	0.673076923077	0.669926650367	0.655270655271	0.667808219178
0.652397260274	0.652091254753	0.647435897436	0.652811735941	0.638176638177	0.66095890411
0.652397260274	0.669201520913	0.681623931624	0.684596577017	0.669515669516	0.695205479452
0.652397260274	0.648288973384	0.662393162393	0.677261613692	0.663817663818	0.664383561644
0.652397260274	0.669201520913	0.673076923077	0.679706601467	0.695156695157	0.695205479452
0.652397260274	0.669201520913	0.67094017094	0.667481662592	0.678062678063	0.705479452055
0.652397260274	0.655893536122	0.653846153846	0.652811735941	0.649572649573	0.630136986301
0.652397260274	0.657794676806	0.655982905983	0.645476772616	0.669515669516	0.667808219178
0.652397260274	0.65969581749	0.666666666667	0.662591687042	0.675213675214	0.674657534247
0.652397260274	0.665399239544	0.668803418803	0.669926650367	0.669515669516	0.643835616438
0.652397260274	0.648288973384	0.643162393162	0.652811735941	0.655270655271	0.674657534247
0.652397260274	0.669201520913	0.688034188034	0.682151589242	0.692307692308	0.732876712329
0.652397260274	0.653992395437	0.641025641026	0.665036674817	0.663817663818	0.671232876712
0.652397260274	0.642585551331	0.653846153846	0.657701711491	0.669515669516	0.678082191781
0.652397260274	0.653992395437	0.66452991453	0.660146699267	0.675213675214	0.664383561644
0.652397260274	0.665399239544	0.655982905983	0.662591687042	0.683760683761	0.667808219178
0.652397260274	0.648288973384	0.681623931624	0.684596577017	0.678062678063	0.691780821918
0.652397260274	0.657794676806	0.65811965812	0.660146699267	0.646723646724	0.66095890411
0.652397260274	0.657794676806	0.651709401709	0.665036674817	0.672364672365	0.678082191781
0.652397260274	0.65969581749	0.649572649573	0.662591687042	0.675213675214	0.695205479452
0.652397260274	0.640684410646	0.649572649573	0.655256723716	0.655270655271	0.66095890411
0.652397260274	0.669201520913	0.675213675214	0.677261613692	0.683760683761	0.702054794521
0.652397260274	0.665399239544	0.67094017094	0.682151589242	0.680911680912	0.684931506849
0.652397260274	0.65969581749	0.662393162393	0.674816625917	0.692307692308	0.705479452055
0.652397260274	0.655893536122	0.662393162393	0.655256723716	0.646723646724	0.626712328767
0.652397260274	0.644486692015	0.651709401709	0.657701711491	0.660968660969	0.664383561644
0.652397260274	0.652091254753	0.66452991453	0.672371638142	0.692307692308	0.698630136986
0.652397260274	0.657794676806	0.666666666667	0.684596577017	0.695156695157	0.702054794521
0.652397260274	0.665399239544	0.66452991453	0.662591687042	0.655270655271	0.654109589041
0.652397260274	0.671102661597	0.668803418803	0.674816625917	0.678062678063	0.671232876712
0.652397260274	0.67680608365	0.67735042735	0.677261613692	0.695156695157	0.715753424658
0.652397260274	0.657794676806	0.653846153846	0.667481662592	0.680911680912	0.674657534247
0.652397260274	0.661596958175	0.673076923077	0.667481662592	0.660968660969	0.674657534247
0.652397260274	0.650190114068	0.649572649573	0.660146699267	0.672364672365	0.678082191781
0.652397260274	0.661596958175	0.66452991453	0.674816625917	0.672364672365	0.657534246575
0.652397260274	0.657794676806	0.668803418803	0.667481662592	0.680911680912	0.664383561644
0.652397260274	0.653992395437	0.666666666667	0.660146699267	0.672364672365	0.664383561644
0.652397260274	0.653992395437	0.662393162393	0.667481662592	0.672364672365	0.671232876712
0.652397260274	0.680608365019	0.681623931624	0.672371638142	0.695156695157	0.698630136986
0.652397260274	0.663498098859	0.66452991453	0.699266503667	0.712250712251	0.698630136986
0.652397260274	0.652091254753	0.660256410256	0.674816625917	0.678062678063	0.678082191781
0.652397260274	0.661596958175	0.666666666667	0.662591687042	0.65811965812	0.643835616438
