0.630136986301	0.623574144487	0.615384615385	0.625916870416	0.632478632479	0.647260273973
0.630136986301	0.633079847909	0.636752136752	0.638141809291	0.646723646724	0.667808219178
0.630136986301	0.627376425856	0.636752136752	0.628361858191	0.609686609687	0.640410958904
0.630136986301	0.625475285171	0.634615384615	0.630806845966	0.632478632479	0.623287671233
0.630136986301	0.615969581749	0.626068376068	0.623471882641	0.623931623932	0.623287671233
0.630136986301	0.631178707224	0.632478632479	0.638141809291	0.626780626781	0.616438356164
0.630136986301	0.623574144487	0.628205128205	0.628361858191	0.615384615385	0.63698630137
0.630136986301	0.631178707224	0.630341880342	0.621026894866	0.641025641026	0.654109589041
0.630136986301	0.633079847909	0.641025641026	0.616136919315	0.621082621083	0.626712328767
0.630136986301	0.633079847909	0.636752136752	0.630806845966	0.635327635328	0.650684931507
0.630136986301	0.640684410646	0.626068376068	0.616136919315	0.606837606838	0.626712328767
0.630136986301	0.633079847909	0.634615384615	0.633251833741	0.606837606838	0.619863013699
0.630136986301	0.625475285171	0.628205128205	0.616136919315	0.623931623932	0.623287671233
0.630136986301	0.617870722433	0.615384615385	0.60391198044	0.592592592593	0.582191780822
0.630136986301	0.633079847909	0.623931623932	0.630806845966	0.626780626781	0.609589041096
0.630136986301	0.62927756654	0.630341880342	0.643031784841	0.641025641026	0.643835616438
0.630136986301	0.636882129278	0.651709401709	0.647921760391	0.623931623932	0.643835616438
0.630136986301	0.62927756654	0.628205128205	0.628361858191	0.635327635328	0.643835616438
0.630136986301	0.636882129278	0.653846153846	0.647921760391	0.646723646724	0.650684931507
0.630136986301	0.61216730038	0.621794871795	0.625916870416	0.621082621083	0.633561643836
0.630136986301	0.621673003802	0.623931623932	0.623471882641	0.623931623932	0.630136986301
0.630136986301	0.621673003802	0.626068376068	0.630806845966	0.643874643875	0.650684931507
0.630136986301	0.627376425856	0.632478632479	0.635696821516	0.641025641026	0.650684931507
0.630136986301	0.62927756654	0.649572649573	0.630806845966	0.632478632479	0.63698630137
0.630136986301	0.634980988593	0.634615384615	0.640586797066	0.649572649573	0.633561643836
0.630136986301	0.627376425856	0.621794871795	0.621026894866	0.615384615385	0.626712328767
0.630136986301	0.631178707224	0.623931623932	0.630806845966	0.632478632479	0.630136986301
0.630136986301	0.621673003802	0.621794871795	0.621026894866	0.615384615385	0.619863013699
0.630136986301	0.633079847909	0.619658119658	0.623471882641	0.615384615385	0.61301369863
0.630136986301	0.636882129278	0.647435897436	0.650366748166	0.652421652422	0.650684931507
0.630136986301	0.627376425856	0.615384615385	0.61858190709	0.615384615385	0.585616438356
0.630136986301	0.633079847909	0.628205128205	0.635696821516	0.632478632479	0.63698630137
0.630136986301	0.62927756654	0.634615384615	0.640586797066	0.62962962963	0.623287671233
0.630136986301	0.623574144487	0.623931623932	0.621026894866	0.615384615385	0.616438356164
0.630136986301	0.636882129278	0.632478632479	0.643031784841	0.632478632479	0.630136986301
0.630136986301	0.627376425856	0.619658119658	0.61369193154	0.623931623932	0.626712328767
0.630136986301	0.625475285171	0.623931623932	0.621026894866	0.615384615385	0.609589041096
0.630136986301	0.619771863118	0.628205128205	0.633251833741	0.632478632479	0.640410958904
0.630136986301	0.644486692015	0.638888888889	0.633251833741	0.635327635328	0.630136986301
0.630136986301	0.636882129278	0.626068376068	0.628361858191	0.62962962963	0.619863013699
0.630136986301	0.623574144487	0.628205128205	0.611246943765	0.609686609687	0.626712328767
0.630136986301	0.633079847909	0.630341880342	0.655256723716	0.655270655271	0.643835616438
0.630136986301	0.610266159696	0.608974358974	0.60880195599	0.615384615385	0.595890410959
0.630136986301	0.633079847909	0.636752136752	0.645476772616	0.649572649573	0.647260273973
0.630136986301	0.621673003802	0.617521367521	0.61858190709	0.621082621083	0.609589041096
0.630136986301	0.623574144487	0.617521367521	0.625916870416	0.62962962963	0.616438356164
0.630136986301	0.633079847909	0.636752136752	0.638141809291	0.652421652422	0.63698630137
0.630136986301	0.62927756654	0.628205128205	0.616136919315	0.646723646724	0.63698630137
0.630136986301	0.617870722433	0.621794871795	0.623471882641	0.635327635328	0.640410958904
0.630136986301	0.633079847909	0.638888888889	0.60880195599	0.612535612536	0.626712328767
