0.640410958904	0.650190114068	0.655982905983	0.674816625917	0.689458689459	0.695205479452
0.640410958904	0.661596958175	0.668803418803	0.662591687042	0.675213675214	0.691780821918
0.640410958904	0.650190114068	0.653846153846	0.655256723716	0.646723646724	0.667808219178
0.640410958904	0.657794676806	0.649572649573	0.652811735941	0.643874643875	0.630136986301
0.640410958904	0.640684410646	0.649572649573	0.655256723716	0.669515669516	0.674657534247
0.640410958904	0.644486692015	0.662393162393	0.667481662592	0.663817663818	0.654109589041
0.640410958904	0.6463878327	0.666666666667	0.665036674817	0.65811965812	0.671232876712
0.640410958904	0.665399239544	0.668803418803	0.662591687042	0.680911680912	0.681506849315
0.640410958904	0.655893536122	0.673076923077	0.640586797066	0.646723646724	0.650684931507
0.640410958904	0.665399239544	0.67094017094	0.657701711491	0.663817663818	0.684931506849
0.640410958904	0.673003802281	0.660256410256	0.657701711491	0.663817663818	0.674657534247
0.640410958904	0.663498098859	0.662393162393	0.687041564792	0.660968660969	0.657534246575
0.640410958904	0.644486692015	0.647435897436	0.640586797066	0.643874643875	0.643835616438
0.640410958904	0.6463878327	0.649572649573	0.640586797066	0.641025641026	0.630136986301
0.640410958904	0.669201520913	0.66452991453	0.689486552567	0.698005698006	0.674657534247
0.640410958904	0.655893536122	0.668803418803	0.682151589242	0.680911680912	0.691780821918
0.640410958904	0.667300380228	0.688034188034	0.689486552567	0.669515669516	0.705479452055
0.640410958904	0.653992395437	0.655982905983	0.657701711491	0.666666666667	0.678082191781
0.640410958904	0.667300380228	0.690170940171	0.674816625917	0.678062678063	0.688356164384
0.640410958904	0.634980988593	0.651709401709	0.657701711491	0.643874643875	0.657534246575
0.640410958904	0.648288973384	0.65811965812	0.657701711491	0.646723646724	0.647260273973
0.640410958904	0.6463878327	0.66452991453	0.657701711491	0.672364672365	0.667808219178
0.640410958904	0.655893536122	0.666666666667	0.652811735941	0.649572649573	0.664383561644
0.640410958904	0.653992395437	0.683760683761	0.667481662592	0.675213675214	0.671232876712
0.640410958904	0.661596958175	0.673076923077	0.684596577017	0.666666666667	0.657534246575
0.640410958904	0.657794676806	0.651709401709	0.660146699267	0.660968660969	0.667808219178
0.640410958904	0.65969581749	0.653846153846	0.674816625917	0.675213675214	0.667808219178
0.640410958904	0.640684410646	0.653846153846	0.667481662592	0.65811965812	0.657534246575
0.640410958904	0.667300380228	0.67094017094	0.677261613692	0.660968660969	0.654109589041
0.640410958904	0.667300380228	0.685897435897	0.687041564792	0.689458689459	0.691780821918
0.640410958904	0.650190114068	0.649572649573	0.655256723716	0.649572649573	0.623287671233
0.640410958904	0.661596958175	0.662393162393	0.667481662592	0.669515669516	0.695205479452
0.640410958904	0.65969581749	0.660256410256	0.669926650367	0.65811965812	0.66095890411
0.640410958904	0.6463878327	0.65811965812	0.647921760391	0.643874643875	0.647260273973
0.640410958904	0.661596958175	0.662393162393	0.672371638142	0.672364672365	0.684931506849
0.640410958904	0.650190114068	0.660256410256	0.652811735941	0.672364672365	0.667808219178
0.640410958904	0.642585551331	0.662393162393	0.660146699267	0.646723646724	0.640410958904
0.640410958904	0.644486692015	0.655982905983	0.669926650367	0.652421652422	0.657534246575
0.640410958904	0.67680608365	0.668803418803	0.662591687042	0.666666666667	0.66095890411
0.640410958904	0.661596958175	0.666666666667	0.650366748166	0.655270655271	0.654109589041
0.640410958904	0.650190114068	0.651709401709	0.635696821516	0.649572649573	0.647260273973
0.640410958904	0.657794676806	0.666666666667	0.699266503667	0.692307692308	0.684931506849
0.640410958904	0.631178707224	0.649572649573	0.657701711491	0.646723646724	0.626712328767
0.640410958904	0.653992395437	0.65811965812	0.662591687042	0.675213675214	0.667808219178
0.640410958904	0.6463878327	0.655982905983	0.660146699267	0.663817663818	0.650684931507
0.640410958904	0.642585551331	0.651709401709	0.660146699267	0.672364672365	0.657534246575
0.640410958904	0.655893536122	0.651709401709	0.662591687042	0.692307692308	0.684931506849
0.640410958904	0.653992395437	0.649572649573	0.638141809291	0.669515669516	0.66095890411
0.640410958904	0.633079847909	0.662393162393	0.662591687042	0.669515669516	0.681506849315
0.640410958904	0.663498098859	0.688034188034	0.667481662592	0.675213675214	0.664383561644
0.640410958904	0.652091254753	0.662393162393	0.647921760391	0.655270655271	0.66095890411
0.640410958904	0.665399239544	0.66452991453	0.657701711491	0.660968660969	0.66095890411
0.640410958904	0.642585551331	0.649572649573	0.657701711491	0.65811965812	0.674657534247
0.640410958904	0.650190114068	0.66452991453	0.689486552567	0.683760683761	0.712328767123
0.640410958904	0.65969581749	0.675213675214	0.672371638142	0.675213675214	0.667808219178
0.640410958904	0.65969581749	0.662393162393	0.665036674817	0.680911680912	0.691780821918
0.640410958904	0.65969581749	0.675213675214	0.665036674817	0.678062678063	0.695205479452
0.640410958904	0.653992395437	0.666666666667	0.674816625917	0.680911680912	0.684931506849
0.640410958904	0.667300380228	0.679487179487	0.665036674817	0.65811965812	0.66095890411
0.640410958904	0.653992395437	0.651709401709	0.650366748166	0.652421652422	0.671232876712
0.640410958904	0.665399239544	0.683760683761	0.689486552567	0.680911680912	0.695205479452
0.640410958904	0.634980988593	0.653846153846	0.672371638142	0.655270655271	0.667808219178
0.640410958904	0.663498098859	0.67094017094	0.679706601467	0.68660968661	0.695205479452
0.640410958904	0.661596958175	0.67735042735	0.657701711491	0.652421652422	0.705479452055
0.640410958904	0.650190114068	0.653846153846	0.655256723716	0.655270655271	0.640410958904
0.640410958904	0.655893536122	0.645299145299	0.633251833741	0.65811965812	0.66095890411
0.640410958904	0.65969581749	0.673076923077	0.667481662592	0.675213675214	0.667808219178
0.640410958904	0.665399239544	0.662393162393	0.667481662592	0.655270655271	0.633561643836
0.640410958904	0.640684410646	0.636752136752	0.650366748166	0.660968660969	0.674657534247
0.640410958904	0.653992395437	0.685897435897	0.674816625917	0.683760683761	0.715753424658
0.640410958904	0.648288973384	0.643162393162	0.662591687042	0.655270655271	0.650684931507
0.640410958904	0.638783269962	0.662393162393	0.650366748166	0.660968660969	0.674657534247
0.640410958904	0.6463878327	0.666666666667	0.665036674817	0.669515669516	0.654109589041
0.640410958904	0.667300380228	0.660256410256	0.657701711491	0.675213675214	0.664383561644
0.640410958904	0.642585551331	0.67735042735	0.694376528117	0.683760683761	0.688356164384
0.640410958904	0.653992395437	0.660256410256	0.647921760391	0.643874643875	0.654109589041
0.640410958904	0.655893536122	0.649572649573	0.660146699267	0.675213675214	0.678082191781
0.640410958904	0.655893536122	0.649572649573	0.662591687042	0.672364672365	0.684931506849
0.640410958904	0.638783269962	0.638888888889	0.662591687042	0.652421652422	0.667808219178
0.640410958904	0.669201520913	0.67094017094	0.679706601467	0.672364672365	0.702054794521
0.640410958904	0.669201520913	0.668803418803	0.674816625917	0.68660968661	0.691780821918
0.640410958904	0.655893536122	0.66452991453	0.687041564792	0.692307692308	0.698630136986
0.640410958904	0.655893536122	0.653846153846	0.660146699267	0.641025641026	0.63698630137
0.640410958904	0.6463878327	0.65811965812	0.652811735941	0.65811965812	0.657534246575
0.640410958904	0.648288973384	0.666666666667	0.677261613692	0.695156695157	0.695205479452
0.640410958904	0.661596958175	0.666666666667	0.679706601467	0.672364672365	0.681506849315
0.640410958904	0.671102661597	0.662393162393	0.667481662592	0.655270655271	0.654109589041
0.640410958904	0.661596958175	0.65811965812	0.665036674817	0.672364672365	0.664383561644
0.640410958904	0.667300380228	0.679487179487	0.677261613692	0.683760683761	0.698630136986
0.640410958904	0.655893536122	0.645299145299	0.667481662592	0.666666666667	0.664383561644
0.640410958904	0.65969581749	0.67094017094	0.665036674817	0.660968660969	0.674657534247
0.640410958904	0.6463878327	0.653846153846	0.655256723716	0.666666666667	0.667808219178
0.640410958904	0.667300380228	0.668803418803	0.682151589242	0.663817663818	0.654109589041
0.640410958904	0.661596958175	0.662393162393	0.655256723716	0.663817663818	0.667808219178
0.640410958904	0.652091254753	0.65811965812	0.657701711491	0.669515669516	0.66095890411
0.640410958904	0.652091254753	0.67094017094	0.665036674817	0.672364672365	0.66095890411
0.640410958904	0.671102661597	0.683760683761	0.677261613692	0.683760683761	0.671232876712
0.640410958904	0.65969581749	0.662393162393	0.684596577017	0.695156695157	0.684931506849
0.640410958904	0.650190114068	0.655982905983	0.667481662592	0.669515669516	0.671232876712
0.640410958904	0.663498098859	0.660256410256	0.669926650367	0.669515669516	0.647260273973
