0.597602739726	0.595057034221	0.587606837607	0.579462102689	0.609686609687	0.626712328767
0.597602739726	0.602661596958	0.594017094017	0.596577017115	0.603988603989	0.599315068493
0.597602739726	0.585551330798	0.589743589744	0.579462102689	0.566951566952	0.58904109589
0.595890410959	0.591254752852	0.594017094017	0.58435207824	0.575498575499	0.575342465753
0.597602739726	0.577946768061	0.57905982906	0.581907090465	0.575498575499	0.578767123288
0.597602739726	0.596958174905	0.594017094017	0.586797066015	0.592592592593	0.58904109589
0.597602739726	0.593155893536	0.600427350427	0.59902200489	0.578347578348	0.592465753425
0.597602739726	0.589353612167	0.589743589744	0.591687041565	0.609686609687	0.61301369863
0.597602739726	0.595057034221	0.594017094017	0.586797066015	0.589743589744	0.599315068493
0.597602739726	0.596958174905	0.589743589744	0.59902200489	0.598290598291	0.599315068493
0.597602739726	0.604562737643	0.594017094017	0.59413202934	0.581196581197	0.602739726027
0.597602739726	0.604562737643	0.596153846154	0.601466992665	0.584045584046	0.571917808219
0.597602739726	0.58174904943	0.583333333333	0.591687041565	0.575498575499	0.571917808219
0.597602739726	0.58174904943	0.566239316239	0.540342298289	0.54415954416	0.530821917808
0.597602739726	0.596958174905	0.594017094017	0.601466992665	0.612535612536	0.61301369863
0.597602739726	0.593155893536	0.587606837607	0.60391198044	0.603988603989	0.609589041096
0.597602739726	0.600760456274	0.608974358974	0.606356968215	0.592592592593	0.606164383562
0.597602739726	0.596958174905	0.589743589744	0.586797066015	0.595441595442	0.602739726027
0.597602739726	0.587452471483	0.604700854701	0.60391198044	0.60113960114	0.595890410959
0.597602739726	0.566539923954	0.576923076923	0.569682151589	0.561253561254	0.554794520548
0.597602739726	0.585551330798	0.59188034188	0.596577017115	0.595441595442	0.595890410959
0.597602739726	0.587452471483	0.587606837607	0.579462102689	0.584045584046	0.599315068493
0.597602739726	0.595057034221	0.59188034188	0.591687041565	0.598290598291	0.606164383562
0.597602739726	0.589353612167	0.596153846154	0.579462102689	0.584045584046	0.592465753425
0.597602739726	0.600760456274	0.596153846154	0.606356968215	0.598290598291	0.578767123288
0.597602739726	0.596958174905	0.598290598291	0.59902200489	0.575498575499	0.582191780822
0.595890410959	0.600760456274	0.596153846154	0.601466992665	0.595441595442	0.571917808219
0.597602739726	0.600760456274	0.594017094017	0.591687041565	0.595441595442	0.606164383562
0.597602739726	0.598859315589	0.587606837607	0.58435207824	0.578347578348	0.554794520548
0.597602739726	0.593155893536	0.606837606838	0.591687041565	0.603988603989	0.602739726027
0.597602739726	0.58174904943	0.583333333333	0.581907090465	0.566951566952	0.537671232877
0.597602739726	0.587452471483	0.589743589744	0.59902200489	0.60113960114	0.592465753425
0.595890410959	0.593155893536	0.594017094017	0.586797066015	0.566951566952	0.565068493151
0.597602739726	0.587452471483	0.600427350427	0.596577017115	0.581196581197	0.571917808219
0.597602739726	0.595057034221	0.587606837607	0.58924205379	0.592592592593	0.606164383562
0.597602739726	0.600760456274	0.59188034188	0.586797066015	0.589743589744	0.595890410959
0.597602739726	0.589353612167	0.58547008547	0.58435207824	0.575498575499	0.571917808219
0.595890410959	0.589353612167	0.59188034188	0.581907090465	0.586894586895	0.575342465753
0.597602739726	0.595057034221	0.57905982906	0.577017114914	0.606837606838	0.599315068493
0.597602739726	0.600760456274	0.59188034188	0.586797066015	0.578347578348	0.575342465753
0.597602739726	0.585551330798	0.581196581197	0.564792176039	0.569800569801	0.575342465753
0.597602739726	0.598859315589	0.594017094017	0.60880195599	0.60113960114	0.599315068493
0.595890410959	0.58174904943	0.58547008547	0.581907090465	0.592592592593	0.554794520548
0.597602739726	0.602661596958	0.602564102564	0.60880195599	0.618233618234	0.623287671233
0.597602739726	0.589353612167	0.57905982906	0.579462102689	0.555555555556	0.530821917808
0.597602739726	0.589353612167	0.581196581197	0.577017114914	0.581196581197	0.561643835616
0.597602739726	0.596958174905	0.587606837607	0.591687041565	0.612535612536	0.595890410959
0.597602739726	0.589353612167	0.583333333333	0.567237163814	0.589743589744	0.582191780822
0.595890410959	0.579847908745	0.57264957265	0.574572127139	0.581196581197	0.595890410959
0.597602739726	0.596958174905	0.598290598291	0.574572127139	0.57264957265	0.578767123288
0.597602739726	0.595057034221	0.596153846154	0.577017114914	0.575498575499	0.561643835616
0.597602739726	0.602661596958	0.58547008547	0.58924205379	0.589743589744	0.582191780822
0.597602739726	0.583650190114	0.574786324786	0.572127139364	0.564102564103	0.565068493151
0.595890410959	0.593155893536	0.602564102564	0.621026894866	0.612535612536	0.626712328767
0.597602739726	0.591254752852	0.581196581197	0.569682151589	0.569800569801	0.554794520548
0.597602739726	0.598859315589	0.617521367521	0.616136919315	0.609686609687	0.599315068493
0.597602739726	0.583650190114	0.583333333333	0.58435207824	0.566951566952	0.578767123288
0.597602739726	0.593155893536	0.600427350427	0.60880195599	0.609686609687	0.609589041096
0.595890410959	0.583650190114	0.602564102564	0.591687041565	0.592592592593	0.61301369863
0.595890410959	0.593155893536	0.594017094017	0.601466992665	0.603988603989	0.599315068493
0.597602739726	0.602661596958	0.604700854701	0.60391198044	0.60113960114	0.61301369863
0.597602739726	0.591254752852	0.587606837607	0.58435207824	0.598290598291	0.578767123288
0.597602739726	0.596958174905	0.604700854701	0.601466992665	0.609686609687	0.609589041096
0.595890410959	0.591254752852	0.608974358974	0.601466992665	0.612535612536	0.630136986301
0.595890410959	0.591254752852	0.589743589744	0.58924205379	0.578347578348	0.544520547945
0.597602739726	0.579847908745	0.59188034188	0.581907090465	0.595441595442	0.575342465753
0.597602739726	0.596958174905	0.604700854701	0.601466992665	0.592592592593	0.595890410959
0.597602739726	0.591254752852	0.581196581197	0.581907090465	0.566951566952	0.558219178082
0.595890410959	0.583650190114	0.574786324786	0.577017114914	0.60113960114	0.606164383562
0.597602739726	0.600760456274	0.606837606838	0.60391198044	0.615384615385	0.633561643836
0.597602739726	0.596958174905	0.581196581197	0.58435207824	0.581196581197	0.592465753425
0.597602739726	0.587452471483	0.596153846154	0.579462102689	0.589743589744	0.585616438356
0.597602739726	0.589353612167	0.589743589744	0.574572127139	0.592592592593	0.575342465753
0.597602739726	0.596958174905	0.596153846154	0.574572127139	0.603988603989	0.575342465753
0.597602739726	0.587452471483	0.583333333333	0.591687041565	0.581196581197	0.575342465753
0.597602739726	0.604562737643	0.598290598291	0.58435207824	0.581196581197	0.575342465753
0.597602739726	0.589353612167	0.581196581197	0.581907090465	0.586894586895	0.571917808219
0.597602739726	0.600760456274	0.589743589744	0.59902200489	0.609686609687	0.606164383562
0.597602739726	0.598859315589	0.587606837607	0.579462102689	0.575498575499	0.58904109589
0.595890410959	0.596958174905	0.598290598291	0.59413202934	0.606837606838	0.623287671233
0.597602739726	0.602661596958	0.600427350427	0.59902200489	0.586894586895	0.582191780822
0.597602739726	0.589353612167	0.600427350427	0.60880195599	0.621082621083	0.640410958904
0.597602739726	0.602661596958	0.596153846154	0.58924205379	0.586894586895	0.575342465753
0.597602739726	0.583650190114	0.59188034188	0.569682151589	0.578347578348	0.585616438356
0.597602739726	0.585551330798	0.600427350427	0.60391198044	0.606837606838	0.602739726027
0.597602739726	0.596958174905	0.589743589744	0.60391198044	0.609686609687	0.606164383562
0.595890410959	0.600760456274	0.59188034188	0.58924205379	0.586894586895	0.58904109589
0.597602739726	0.600760456274	0.602564102564	0.60391198044	0.618233618234	0.602739726027
0.597602739726	0.602661596958	0.600427350427	0.611246943765	0.606837606838	0.595890410959
0.597602739726	0.587452471483	0.594017094017	0.58435207824	0.60113960114	0.606164383562
0.597602739726	0.587452471483	0.600427350427	0.59413202934	0.581196581197	0.582191780822
0.597602739726	0.589353612167	0.581196581197	0.58435207824	0.578347578348	0.58904109589
0.597602739726	0.589353612167	0.598290598291	0.58924205379	0.566951566952	0.558219178082
0.597602739726	0.591254752852	0.598290598291	0.581907090465	0.581196581197	0.595890410959
0.597602739726	0.604562737643	0.600427350427	0.591687041565	0.60113960114	0.609589041096
0.595890410959	0.596958174905	0.58547008547	0.591687041565	0.592592592593	0.585616438356
0.597602739726	0.608365019011	0.600427350427	0.586797066015	0.584045584046	0.58904109589
0.597602739726	0.596958174905	0.596153846154	0.621026894866	0.626780626781	0.599315068493
0.597602739726	0.596958174905	0.583333333333	0.58435207824	0.584045584046	0.578767123288
0.597602739726	0.593155893536	0.594017094017	0.59413202934	0.581196581197	0.565068493151
