0.937342152736	0.93920363442	0.938214070956	0.937983164405	0.936660653438	0.938672438672
0.937342152736	0.937466595404	0.937763078773	0.936608830098	0.93986770896	0.939393939394
0.937342152736	0.935328701229	0.93731208659	0.937295997251	0.939266386049	0.93746993747
0.937342152736	0.934526990914	0.93671076368	0.936265246521	0.937061535378	0.93771043771
0.937342152736	0.936664885088	0.938214070956	0.938842123347	0.9402685909	0.94252044252
0.937342152736	0.940272581507	0.940769693325	0.9395292905	0.939266386049	0.938912938913
0.937342152736	0.938802779262	0.938214070956	0.937983164405	0.937061535378	0.938912938913
0.937342152736	0.938401924105	0.939717378232	0.938670331558	0.939466827019	0.936988936989
0.937342152736	0.93920363442	0.939567047505	0.938670331558	0.938264181199	0.933862433862
0.937342152736	0.93987172635	0.941371016236	0.94159079196	0.94006814993	0.937950937951
0.937342152736	0.938001068947	0.939116055322	0.939701082288	0.941471236721	0.940355940356
0.937342152736	0.938134687333	0.935207456404	0.935749871156	0.936660653438	0.940115440115
0.937342152736	0.938001068947	0.940769693325	0.940388249442	0.94086991381	0.941077441077
0.937342152736	0.938669160877	0.940920024053	0.939185706923	0.937462417318	0.936267436267
0.937342152736	0.935195082843	0.9335538184	0.934031953273	0.934255361796	0.934824434824
0.937342152736	0.936130411545	0.937161755863	0.936952413675	0.937061535378	0.936026936027
0.937342152736	0.938936397648	0.938214070956	0.9395292905	0.936861094408	0.936748436748
0.937342152736	0.941074291823	0.93986770896	0.939701082288	0.94006814993	0.939874939875
0.937342152736	0.939470871192	0.940018039687	0.93643703831	0.94046903187	0.94252044252
0.937342152736	0.936664885088	0.93671076368	0.93643703831	0.937863299258	0.938431938432
0.937342152736	0.936531266702	0.93671076368	0.935921662945	0.935858889557	0.934583934584
0.937342152736	0.937199358632	0.938214070956	0.940044665865	0.94046903187	0.938912938913
0.937342152736	0.938134687333	0.937612748046	0.938842123347	0.939266386049	0.938672438672
0.937342152736	0.940138963121	0.94046903187	0.943308709844	0.943275205452	0.943241943242
0.937342152736	0.940138963121	0.939717378232	0.942965126267	0.938865504109	0.939153439153
0.937342152736	0.934259754142	0.93671076368	0.938842123347	0.93966726799	0.93746993747
0.937342152736	0.938268305719	0.936861094408	0.939701082288	0.93986770896	0.941798941799
0.937342152736	0.935863174773	0.937612748046	0.936608830098	0.938063740229	0.939153439153
0.937342152736	0.940539818279	0.939567047505	0.939357498712	0.939266386049	0.942760942761
0.937342152736	0.936397648316	0.936410102225	0.939185706923	0.936660653438	0.936267436267
0.937342152736	0.938802779262	0.938665063139	0.937983164405	0.938063740229	0.937950937951
0.937342152736	0.938401924105	0.936861094408	0.940216457653	0.94046903187	0.941558441558
0.937342152736	0.938401924105	0.938965724594	0.938670331558	0.941671677691	0.939634439634
0.937342152736	0.936664885088	0.939717378232	0.941419000172	0.942072559631	0.94252044252
0.937342152736	0.938268305719	0.936259771497	0.935406287579	0.935858889557	0.940355940356
0.937342152736	0.939070016034	0.93731208659	0.936608830098	0.936059330527	0.93746993747
0.937342152736	0.936531266702	0.939116055322	0.937811372616	0.939466827019	0.938431938432
0.937342152736	0.938669160877	0.93731208659	0.936952413675	0.938464622169	0.938191438191
0.937342152736	0.936531266702	0.936861094408	0.937983164405	0.937462417318	0.93746993747
0.937342152736	0.938134687333	0.935808779314	0.935749871156	0.936460212467	0.935786435786
0.937342152736	0.940539818279	0.937913409501	0.939701082288	0.938264181199	0.941077441077
0.937342152736	0.941074291823	0.94046903187	0.941419000172	0.941872118661	0.940596440596
0.937342152736	0.938535542491	0.937462417318	0.936093454733	0.937061535378	0.93771043771
0.937342152736	0.936264029931	0.940168370415	0.941419000172	0.939266386049	0.938912938913
0.937342152736	0.939738107964	0.940318701143	0.940731833018	0.941070354781	0.940596440596
0.937342152736	0.939070016034	0.93671076368	0.936093454733	0.936660653438	0.939153439153
0.937342152736	0.937199358632	0.939266386049	0.93643703831	0.935057125676	0.935305435305
0.937342152736	0.938268305719	0.938063740229	0.936608830098	0.936861094408	0.93746993747
0.937342152736	0.935863174773	0.935808779314	0.939185706923	0.938464622169	0.939874939875
0.937342152736	0.938001068947	0.936560432952	0.939185706923	0.94006814993	0.939153439153
0.937342152736	0.938669160877	0.936861094408	0.934375536849	0.933253156945	0.934343434343
0.937342152736	0.937867450561	0.936259771497	0.935578079368	0.937261976348	0.938672438672
0.937342152736	0.937199358632	0.937011425135	0.939185706923	0.94066947284	0.938431938432
0.937342152736	0.938134687333	0.938665063139	0.9395292905	0.938264181199	0.940115440115
0.937342152736	0.938401924105	0.937612748046	0.939013915135	0.939466827019	0.939874939875
0.937342152736	0.939738107964	0.938063740229	0.93746778904	0.938464622169	0.936507936508
0.937342152736	0.937733832175	0.938514732411	0.939872874077	0.943275205452	0.945887445887
0.937342152736	0.9346606093	0.939116055322	0.941419000172	0.941872118661	0.94227994228
0.937342152736	0.93987172635	0.941220685508	0.941762583748	0.943676087392	0.944444444444
0.937342152736	0.938134687333	0.93671076368	0.938326747981	0.94046903187	0.936748436748
0.937342152736	0.936264029931	0.938063740229	0.936608830098	0.936460212467	0.936988936989
0.937342152736	0.939070016034	0.936560432952	0.93849853977	0.9402685909	0.942760942761
0.937342152736	0.93987172635	0.938815393867	0.943995876997	0.942273000601	0.944203944204
0.937342152736	0.939470871192	0.937763078773	0.937983164405	0.941070354781	0.941077441077
0.937342152736	0.935462319615	0.938514732411	0.939357498712	0.937462417318	0.94252044252
0.937342152736	0.937466595404	0.937763078773	0.937983164405	0.937863299258	0.939393939394
0.937342152736	0.938936397648	0.938965724594	0.941934375537	0.943275205452	0.944444444444
0.937342152736	0.940005344735	0.939567047505	0.940216457653	0.941270795751	0.940355940356
0.937342152736	0.937600213789	0.938364401684	0.939013915135	0.94086991381	0.941317941318
0.937342152736	0.937199358632	0.938214070956	0.935921662945	0.939266386049	0.939874939875
0.937342152736	0.937332977018	0.937612748046	0.939013915135	0.938464622169	0.937950937951
0.937342152736	0.939470871192	0.939567047505	0.940731833018	0.93966726799	0.941798941799
0.937342152736	0.938001068947	0.937913409501	0.937983164405	0.938665063139	0.939874939875
0.937342152736	0.93987172635	0.938063740229	0.938842123347	0.939266386049	0.940115440115
0.937342152736	0.937867450561	0.933854479856	0.935749871156	0.938063740229	0.941317941318
0.937342152736	0.939470871192	0.941070354781	0.940903624807	0.94086991381	0.940836940837
0.937342152736	0.941742383752	0.939567047505	0.93849853977	0.936259771497	0.941077441077
0.937342152736	0.936264029931	0.939116055322	0.9395292905	0.93966726799	0.939874939875
0.937342152736	0.938134687333	0.936861094408	0.938842123347	0.93966726799	0.936026936027
0.937342152736	0.936130411545	0.93731208659	0.941075416595	0.942473441571	0.942760942761
0.937342152736	0.936531266702	0.935959110042	0.940388249442	0.9402685909	0.938672438672
0.937342152736	0.93920363442	0.93986770896	0.941247208383	0.94046903187	0.937950937951
0.937342152736	0.940406199893	0.940168370415	0.94056004123	0.937662858288	0.939874939875
0.937342152736	0.935729556387	0.933854479856	0.936780621886	0.937462417318	0.936988936989
0.937342152736	0.938134687333	0.939717378232	0.938842123347	0.94046903187	0.944203944204
0.937342152736	0.936264029931	0.935808779314	0.936952413675	0.937061535378	0.93771043771
0.937342152736	0.937867450561	0.937462417318	0.936952413675	0.934255361796	0.938672438672
0.937342152736	0.938802779262	0.939567047505	0.93746778904	0.937662858288	0.938672438672
0.937342152736	0.938936397648	0.94046903187	0.942277959114	0.942072559631	0.943001443001
0.937342152736	0.938268305719	0.93986770896	0.939872874077	0.94066947284	0.940836940837
0.937342152736	0.938936397648	0.937161755863	0.938326747981	0.936660653438	0.938912938913
0.937342152736	0.936798503474	0.935357787132	0.934031953273	0.933854479856	0.934824434824
0.937342152736	0.939070016034	0.939416716777	0.94159079196	0.943275205452	0.944684944685
0.937342152736	0.93920363442	0.939116055322	0.939013915135	0.941671677691	0.94227994228
0.937342152736	0.938669160877	0.940018039687	0.939013915135	0.938865504109	0.939634439634
0.937342152736	0.939470871192	0.939116055322	0.937811372616	0.939065945079	0.940115440115
0.937342152736	0.940539818279	0.942573662057	0.94159079196	0.943876528362	0.943963443963
0.937342152736	0.940673436665	0.942573662057	0.943480501632	0.944878733213	0.944684944685
0.937342152736	0.937733832175	0.93731208659	0.938670331558	0.939466827019	0.938431938432
0.937342152736	0.937600213789	0.938514732411	0.941419000172	0.94086991381	0.942760942761
