0.839085989176	0.846205237841	0.847263980758	0.857069232091	0.869312487472	0.876142376142
0.839085989176	0.851149118119	0.858839446783	0.867204947604	0.872920424935	0.877585377585
0.839085989176	0.854222340994	0.863199037883	0.865658821508	0.873521747845	0.882635882636
0.839085989176	0.83484767504	0.844407696933	0.85294622917	0.862096612548	0.869648869649
0.839085989176	0.854222340994	0.864852675887	0.867204947604	0.870916015234	0.880711880712
0.839085989176	0.844200962052	0.848767288034	0.863940903625	0.876528362397	0.883597883598
0.839085989176	0.844334580438	0.853277209862	0.857241023879	0.864702345159	0.870851370851
0.839085989176	0.85662747194	0.86214672279	0.86651778045	0.867107636801	0.868205868206
0.839085989176	0.85141635489	0.858839446783	0.867376739392	0.876127480457	0.872775372775
0.839085989176	0.849679315874	0.858238123873	0.868922865487	0.877530567248	0.882395382395
0.839085989176	0.852485301978	0.86154539988	0.864284487202	0.870114251353	0.873977873978
0.839085989176	0.853287012293	0.862748045701	0.866174196873	0.872719983965	0.877344877345
0.839085989176	0.855959380011	0.864852675887	0.868922865487	0.867308077771	0.883838383838
0.839085989176	0.846205237841	0.862447384245	0.867033155815	0.8651032271	0.870851370851
0.839085989176	0.841795831106	0.848015634396	0.853289812747	0.861094407697	0.865079365079
0.839085989176	0.852485301978	0.852826217679	0.862051193953	0.868711164562	0.878547378547
0.839085989176	0.842731159808	0.849518941672	0.861020443223	0.86550410904	0.876623376623
0.839085989176	0.848075895243	0.858087793145	0.864628070778	0.871918220084	0.873496873497
0.839085989176	0.844869053982	0.856584485869	0.86754853118	0.876127480457	0.881673881674
0.839085989176	0.859433458044	0.859140108238	0.870640783371	0.876528362397	0.880711880712
0.839085989176	0.853955104222	0.86154539988	0.868235698334	0.873722188815	0.876382876383
0.839085989176	0.847274184928	0.857636800962	0.863769111836	0.858488675085	0.870851370851
0.839085989176	0.848343132015	0.850420926037	0.859646108916	0.864101022249	0.868205868206
0.839085989176	0.847675040086	0.863800360794	0.875966328809	0.876127480457	0.884319384319
0.839085989176	0.856226616782	0.857336139507	0.860676859646	0.868510723592	0.871813371813
0.839085989176	0.847140566542	0.85087191822	0.852259062017	0.871717779114	0.875661375661
0.839085989176	0.855024051309	0.864401683704	0.870984366947	0.877731008218	0.881914381914
0.839085989176	0.845938001069	0.861996392063	0.870812575159	0.874924834636	0.876382876383
0.839085989176	0.864911811865	0.858538785328	0.868922865487	0.877129685308	0.882635882636
0.839085989176	0.855424906467	0.8583884546	0.867892114757	0.876929244338	0.878306878307
0.839085989176	0.845002672368	0.855081178593	0.862222985741	0.86590499098	0.87012987013
0.839085989176	0.84687332977	0.852375225496	0.863081944683	0.867107636801	0.87012987013
0.839085989176	0.850080171032	0.859591100421	0.859817900704	0.875526157547	0.876382876383
0.839085989176	0.845269909139	0.856734816597	0.868063906545	0.867909400681	0.878787878788
0.839085989176	0.840994120791	0.853878532772	0.862566569318	0.870515133293	0.879268879269
0.839085989176	0.847140566542	0.858839446783	0.863081944683	0.868510723592	0.872775372775
0.839085989176	0.849412079102	0.85147324113	0.860676859646	0.860893966727	0.866281866282
0.839085989176	0.85141635489	0.858087793145	0.864628070778	0.867708959711	0.870851370851
0.839085989176	0.841795831106	0.858839446783	0.863769111836	0.871717779114	0.876863876864
0.839085989176	0.850614644575	0.860944076969	0.865315237932	0.864702345159	0.866762866763
0.839085989176	0.845804382683	0.852675886951	0.859989692493	0.870715574263	0.87999037999
0.839085989176	0.851149118119	0.85778713169	0.869953616217	0.874123070756	0.879509379509
0.839085989176	0.844334580438	0.854780517138	0.861020443223	0.869112046502	0.871813371813
0.839085989176	0.851282736505	0.855381840048	0.864284487202	0.86590499098	0.868686868687
0.839085989176	0.841528594335	0.85147324113	0.856382064937	0.86630587292	0.870610870611
0.839085989176	0.857028327098	0.858689116055	0.863940903625	0.871116456204	0.872775372775
0.839085989176	0.847274184928	0.864251352977	0.860676859646	0.867107636801	0.874699374699
0.839085989176	0.84981293426	0.851773902586	0.857928191032	0.859691320906	0.87012987013
0.839085989176	0.852886157135	0.857486470235	0.869438240852	0.870515133293	0.879509379509
0.839085989176	0.8588989845	0.86590499098	0.871156158736	0.875726598517	0.879028379028
0.839085989176	0.840326028862	0.852976548406	0.859474317128	0.86570455001	0.869648869649
0.839085989176	0.861571352218	0.868610944077	0.875794537021	0.884546001203	0.88961038961
0.839085989176	0.841261357563	0.850571256765	0.862051193953	0.874323511726	0.877344877345
0.839085989176	0.848343132015	0.85778713169	0.870297199794	0.871316897174	0.876863876864
0.839085989176	0.85141635489	0.866506313891	0.869438240852	0.878131890158	0.881192881193
0.839085989176	0.845938001069	0.844858689116	0.858615358186	0.86630587292	0.869648869649
0.839085989176	0.843800106895	0.853577871317	0.859646108916	0.864501904189	0.877344877345
0.839085989176	0.855157669695	0.860643415514	0.866174196873	0.877129685308	0.885040885041
0.839085989176	0.851282736505	0.860493084787	0.869953616217	0.878933654039	0.884319384319
0.839085989176	0.8475414217	0.861094407697	0.865658821508	0.876327921427	0.877825877826
0.839085989176	0.842597541422	0.857035478052	0.869438240852	0.869312487472	0.875420875421
0.839085989176	0.846338856227	0.845610342754	0.847277100155	0.861294848667	0.871572871573
0.839085989176	0.847675040086	0.848917618761	0.858787149974	0.868711164562	0.876863876864
0.839085989176	0.849545697488	0.854329524955	0.857756399244	0.868510723592	0.878787878788
0.839085989176	0.847942276857	0.860944076969	0.866174196873	0.879334535979	0.881914381914
0.839085989176	0.853019775521	0.857636800962	0.863597320048	0.867909400681	0.872294372294
0.839085989176	0.854890432924	0.851172579675	0.8613640268	0.874924834636	0.885040885041
0.839085989176	0.851817210048	0.859891761876	0.871671534101	0.875726598517	0.880471380471
0.839085989176	0.85208444682	0.858839446783	0.859302525339	0.863299258368	0.871572871573
0.839085989176	0.848209513629	0.86154539988	0.864628070778	0.875726598517	0.881673881674
0.839085989176	0.849946552646	0.859891761876	0.863597320048	0.870715574263	0.879268879269
0.839085989176	0.84914484233	0.858538785328	0.86548702972	0.874323511726	0.87518037518
0.839085989176	0.847942276857	0.859891761876	0.859646108916	0.869512928443	0.873737373737
0.839085989176	0.83778727953	0.864552014432	0.873045868407	0.875927039487	0.879268879269
0.839085989176	0.845670764297	0.860042092604	0.860161484281	0.869913810383	0.878787878788
0.839085989176	0.847675040086	0.849368610944	0.861535818588	0.866706754861	0.874458874459
0.839085989176	0.85141635489	0.859741431149	0.868063906545	0.872118661054	0.87518037518
0.839085989176	0.844869053982	0.854479855683	0.861020443223	0.864501904189	0.874699374699
0.839085989176	0.849011223944	0.859591100421	0.861535818588	0.869512928443	0.87974987975
0.839085989176	0.852752538749	0.858238123873	0.861535818588	0.875526157547	0.884319384319
0.839085989176	0.850481026189	0.857035478052	0.859989692493	0.870314692323	0.875661375661
0.839085989176	0.848476750401	0.862748045701	0.867204947604	0.875125275606	0.877825877826
0.839085989176	0.848610368787	0.859290438966	0.865143446143	0.868109841652	0.872294372294
0.839085989176	0.848476750401	0.849518941672	0.858271774609	0.866506313891	0.874699374699
0.839085989176	0.841929449492	0.851172579675	0.860333276069	0.868310282622	0.868446368446
0.839085989176	0.848075895243	0.849518941672	0.854148771689	0.868711164562	0.872053872054
0.839085989176	0.84914484233	0.851322910403	0.855694897784	0.868310282622	0.881914381914
0.839085989176	0.858498129343	0.857336139507	0.867033155815	0.873120865905	0.877585377585
0.839085989176	0.844735435596	0.851172579675	0.867376739392	0.872118661054	0.878787878788
0.839085989176	0.848476750401	0.8583884546	0.864284487202	0.870715574263	0.873977873978
0.839085989176	0.854489577766	0.854930847865	0.863769111836	0.868911605532	0.873256373256
0.839085989176	0.847808658471	0.857185808779	0.86961003264	0.88093806374	0.8848003848
0.839085989176	0.849011223944	0.857486470235	0.868235698334	0.868310282622	0.872775372775
0.839085989176	0.848075895243	0.855682501503	0.864284487202	0.869112046502	0.876142376142
0.839085989176	0.841929449492	0.851322910403	0.862051193953	0.869713369413	0.877825877826
0.839085989176	0.85141635489	0.855381840048	0.861192235011	0.872719983965	0.882154882155
0.839085989176	0.853420630679	0.860493084787	0.864112695413	0.870314692323	0.878787878788
0.839085989176	0.84166221272	0.854179194227	0.86548702972	0.875325716576	0.884078884079
0.839085989176	0.84914484233	0.858839446783	0.861192235011	0.868310282622	0.87999037999
0.839085989176	0.844200962052	0.856734816597	0.865658821508	0.872118661054	0.877585377585
