0.922309079976	0.92196686264	0.925586289838	0.929565366775	0.932852275005	0.933140933141
0.922309079976	0.922367717798	0.927540589296	0.92904999141	0.929845660453	0.931457431457
0.922309079976	0.923436664885	0.930998196031	0.92904999141	0.933052715975	0.927368927369
0.922309079976	0.923303046499	0.925586289838	0.930767909294	0.932250952095	0.933621933622
0.922309079976	0.923703901657	0.925886951293	0.930080742141	0.932250952095	0.936748436748
0.922309079976	0.924639230358	0.930998196031	0.931970451812	0.933052715975	0.933621933622
0.922309079976	0.925307322288	0.930547203848	0.932485827177	0.932250952095	0.932178932179
0.922309079976	0.925173703902	0.924383644017	0.92698848995	0.931048306274	0.92809042809
0.922309079976	0.925307322288	0.929344558028	0.927675657104	0.926438163961	0.925444925445
0.922309079976	0.922501336184	0.926337943476	0.92801924068	0.930647424334	0.930495430495
0.922309079976	0.928246926777	0.92859290439	0.929565366775	0.936259771497	0.937229437229
0.922309079976	0.924772848744	0.9291942273	0.926816698162	0.930246542393	0.931938431938
0.922309079976	0.924639230358	0.929344558028	0.932142243601	0.932050511124	0.93265993266
0.922309079976	0.924772848744	0.927841250752	0.928534616045	0.928843455602	0.931457431457
0.922309079976	0.925173703902	0.926788935658	0.930424325717	0.929845660453	0.927368927369
0.922309079976	0.924772848744	0.926638604931	0.927847448892	0.928843455602	0.934343434343
0.922309079976	0.921699625869	0.926488274203	0.925098780278	0.930446983363	0.931697931698
0.922309079976	0.924505611972	0.927390258569	0.929565366775	0.936460212467	0.936748436748
0.922309079976	0.922768572956	0.92859290439	0.928191032469	0.936660653438	0.940355940356
0.922309079976	0.924772848744	0.927540589296	0.927332073527	0.930246542393	0.931457431457
0.922309079976	0.924371993586	0.924684305472	0.929393574987	0.929444778513	0.931216931217
0.922309079976	0.926242650989	0.928743235117	0.931283284659	0.936259771497	0.93771043771
0.922309079976	0.923837520043	0.927841250752	0.930939701082	0.931048306274	0.931457431457
0.922309079976	0.926777124532	0.929344558028	0.934890912214	0.937863299258	0.939393939394
0.922309079976	0.924104756815	0.925736620565	0.933172994331	0.939466827019	0.940596440596
0.922309079976	0.926242650989	0.925886951293	0.92801924068	0.932250952095	0.934102934103
0.922309079976	0.926509887761	0.926788935658	0.934890912214	0.934054920826	0.938672438672
0.922309079976	0.925841795831	0.92543595911	0.930424325717	0.928442573662	0.934824434824
0.922309079976	0.925040085516	0.928292242934	0.934375536849	0.932852275005	0.93746993747
0.922309079976	0.925040085516	0.92167769092	0.929908950352	0.930847865304	0.928571428571
0.922309079976	0.924505611972	0.926337943476	0.927160281739	0.929244337543	0.933862433862
0.922309079976	0.926109032603	0.930246542393	0.932314035389	0.932050511124	0.934824434824
0.922309079976	0.923169428113	0.930246542393	0.930252533929	0.932050511124	0.934583934584
0.922309079976	0.923837520043	0.933253156945	0.934203745061	0.936259771497	0.934824434824
0.922309079976	0.927311598076	0.928141912207	0.931798660024	0.935057125676	0.93746993747
0.922309079976	0.924772848744	0.926788935658	0.927675657104	0.927039486871	0.932178932179
0.922309079976	0.923436664885	0.928743235117	0.931970451812	0.932852275005	0.9329004329
0.922309079976	0.924371993586	0.930547203848	0.928878199622	0.934656243736	0.935305435305
0.922309079976	0.928514163549	0.929494888755	0.931455076447	0.933654038886	0.934583934584
0.922309079976	0.924772848744	0.929043896572	0.930596117506	0.936861094408	0.934102934103
0.922309079976	0.927712453234	0.927239927841	0.930939701082	0.930046101423	0.934824434824
0.922309079976	0.929182255478	0.931298857486	0.931455076447	0.933453597915	0.936748436748
0.922309079976	0.923436664885	0.926337943476	0.930596117506	0.931449188214	0.936748436748
0.922309079976	0.923971138429	0.930096211666	0.931798660024	0.933654038886	0.936748436748
0.922309079976	0.923035809727	0.928893565845	0.932142243601	0.933253156945	0.936267436267
0.922309079976	0.925574559059	0.925586289838	0.927503865315	0.929645219483	0.934343434343
0.922309079976	0.923703901657	0.926187612748	0.929393574987	0.931048306274	0.930735930736
0.922309079976	0.925708177445	0.929494888755	0.929221783199	0.931649629184	0.931457431457
0.922309079976	0.925173703902	0.926788935658	0.928191032469	0.931248747244	0.934583934584
0.922309079976	0.925975414217	0.931148526759	0.930939701082	0.935057125676	0.935064935065
