0.898135898978	0.897781934794	0.898977751052	0.898642844872	0.900581278813	0.90404040404
0.898135898978	0.899518973811	0.900330727601	0.902250472427	0.904189216276	0.900192400192
0.898135898978	0.898850881881	0.899579073963	0.899158220237	0.900581278813	0.897065897066
0.898135898978	0.896044895778	0.898827420325	0.89881463666	0.901383042694	0.900192400192
0.898135898978	0.897113842865	0.896422128683	0.899673595602	0.900781719784	0.900913900914
0.898135898978	0.899652592197	0.901082381239	0.900360762756	0.901182601724	0.902116402116
0.898135898978	0.899652592197	0.898827420325	0.897612094142	0.898175987172	0.89898989899
0.898135898978	0.898717263495	0.899579073963	0.898471053084	0.896772900381	0.89417989418
0.898135898978	0.89791555318	0.896873120866	0.894348050163	0.89577069553	0.893698893699
0.898135898978	0.899118118653	0.897925435959	0.899330012025	0.900781719784	0.897546897547
0.898135898978	0.899786210583	0.900030066146	0.898986428449	0.902184806574	0.898027898028
0.898135898978	0.898717263495	0.89972940469	0.897955677719	0.898576869112	0.898268398268
0.898135898978	0.896980224479	0.897925435959	0.89881463666	0.896572459411	0.897065897066
0.898135898978	0.899118118653	0.900631389056	0.900360762756	0.898376428142	0.899951899952
0.898135898978	0.897113842865	0.896572459411	0.89778388593	0.897374223291	0.897065897066
0.898135898978	0.897247461251	0.897474443776	0.899158220237	0.898977751052	0.899951899952
0.898135898978	0.898450026724	0.896422128683	0.89778388593	0.89617157747	0.896103896104
0.898135898978	0.89858364511	0.899879735418	0.900017179179	0.902585688515	0.89923039923
0.898135898978	0.898450026724	0.898977751052	0.89778388593	0.899378632993	0.901875901876
0.898135898978	0.900320684126	0.900481058328	0.900017179179	0.902986570455	0.902837902838
0.898135898978	0.899118118653	0.899428743235	0.898642844872	0.899779514933	0.898508898509
0.898135898978	0.897381079637	0.897474443776	0.897955677719	0.898376428142	0.897546897547
0.898135898978	0.898450026724	0.89972940469	0.901391513486	0.900180396873	0.897306397306
0.898135898978	0.900988776056	0.900631389056	0.902250472427	0.902585688515	0.906204906205
0.898135898978	0.898717263495	0.897925435959	0.901047929909	0.898576869112	0.898508898509
0.898135898978	0.896579369321	0.898075766687	0.897268510565	0.900581278813	0.898508898509
0.898135898978	0.900721539284	0.901082381239	0.901391513486	0.899979955903	0.900673400673
0.898135898978	0.898717263495	0.899579073963	0.900017179179	0.901783924634	0.903318903319
0.898135898978	0.898984500267	0.898226097414	0.901735097062	0.903788334336	0.908128908129
0.898135898978	0.899786210583	0.896572459411	0.898127469507	0.898175987172	0.896344396344
0.898135898978	0.899118118653	0.898827420325	0.897268510565	0.897775105232	0.899470899471
0.898135898978	0.896980224479	0.896121467228	0.896065968047	0.896772900381	0.895622895623
0.898135898978	0.897247461251	0.896572459411	0.898986428449	0.901383042694	0.902116402116
0.898135898978	0.898984500267	0.901533373422	0.904140182099	0.904790539186	0.906685906686
0.898135898978	0.897514698022	0.896121467228	0.898127469507	0.900982160754	0.902837902838
0.898135898978	0.896846606093	0.897925435959	0.896065968047	0.894367608739	0.895141895142
0.898135898978	0.897247461251	0.899278412508	0.89778388593	0.897374223291	0.895863395863
0.898135898978	0.897648316408	0.897474443776	0.89778388593	0.897173782321	0.895382395382
0.898135898978	0.89858364511	0.89852675887	0.897440302354	0.896572459411	0.899470899471
0.898135898978	0.898316408338	0.900030066146	0.898471053084	0.897173782321	0.89417989418
0.898135898978	0.900320684126	0.898827420325	0.897612094142	0.8959711365	0.899951899952
0.898135898978	0.900587920898	0.900781719784	0.901047929909	0.902986570455	0.904280904281
0.898135898978	0.89858364511	0.89852675887	0.897440302354	0.900781719784	0.897306397306
0.898135898978	0.898182789952	0.896873120866	0.896581343412	0.896372018441	0.89898989899
0.898135898978	0.898450026724	0.898376428142	0.900704346332	0.903387452395	0.900432900433
0.898135898978	0.899118118653	0.897474443776	0.8967531352	0.898777310082	0.901635401635
0.898135898978	0.897113842865	0.89852675887	0.897612094142	0.897374223291	0.896103896104
0.898135898978	0.898450026724	0.897474443776	0.897440302354	0.89557025456	0.89923039923
0.898135898978	0.898182789952	0.898677089597	0.898471053084	0.897574664261	0.9037999038
0.898135898978	0.899385355425	0.900180396873	0.900017179179	0.896772900381	0.895863395863
0.898135898978	0.897113842865	0.894167167769	0.893317299433	0.891360994187	0.889129389129
0.898135898978	0.898316408338	0.898977751052	0.900017179179	0.899579073963	0.902356902357
0.898135898978	0.898316408338	0.900481058328	0.901047929909	0.899779514933	0.898749398749
0.898135898978	0.897514698022	0.89852675887	0.902078680639	0.903587893365	0.904521404521
0.898135898978	0.90018706574	0.901533373422	0.903109431369	0.901583483664	0.898749398749
0.898135898978	0.897648316408	0.897023451594	0.895207009105	0.89617157747	0.895863395863
0.898135898978	0.898182789952	0.898376428142	0.896409551623	0.899579073963	0.898268398268
0.898135898978	0.898450026724	0.901683704149	0.902078680639	0.902786129485	0.90404040404
0.898135898978	0.9024585783	0.901834034877	0.901047929909	0.900982160754	0.900192400192
0.898135898978	0.898850881881	0.898075766687	0.899501803814	0.901583483664	0.900432900433
0.898135898978	0.898984500267	0.900030066146	0.900017179179	0.900982160754	0.902837902838
0.898135898978	0.896445750935	0.896422128683	0.898299261295	0.903988775306	0.906685906686
0.898135898978	0.89791555318	0.900631389056	0.900360762756	0.901783924634	0.904280904281
0.898135898978	0.898049171566	0.89536981359	0.894176258375	0.89496893165	0.898027898028
0.898135898978	0.897514698022	0.897173782321	0.897440302354	0.899779514933	0.897787397787
0.898135898978	0.898984500267	0.897775105232	0.8967531352	0.896572459411	0.897546897547
0.898135898978	0.898717263495	0.900180396873	0.901391513486	0.902184806574	0.906445406445
0.898135898978	0.900587920898	0.901232711966	0.900532554544	0.900180396873	0.900192400192
0.898135898978	0.899518973811	0.900180396873	0.896924926988	0.897975546202	0.899470899471
0.898135898978	0.896846606093	0.89852675887	0.900017179179	0.905792744037	0.905964405964
0.898135898978	0.898049171566	0.897173782321	0.89984538739	0.903587893365	0.904761904762
0.898135898978	0.89858364511	0.900481058328	0.902422264216	0.900180396873	0.898749398749
0.898135898978	0.900988776056	0.900330727601	0.898986428449	0.898376428142	0.901154401154
0.898135898978	0.899518973811	0.898677089597	0.901391513486	0.904189216276	0.904280904281
0.898135898978	0.90085515767	0.901232711966	0.901906888851	0.902585688515	0.907166907167
0.898135898978	0.899518973811	0.902134696332	0.903281223158	0.903587893365	0.903078403078
0.898135898978	0.901523249599	0.900932050511	0.900017179179	0.899579073963	0.901394901395
0.898135898978	0.898850881881	0.897775105232	0.897612094142	0.893966726799	0.893458393458
0.898135898978	0.899385355425	0.897925435959	0.897096718777	0.898777310082	0.89923039923
0.898135898978	0.897113842865	0.897775105232	0.899330012025	0.900581278813	0.902116402116
0.898135898978	0.899251737039	0.89852675887	0.899673595602	0.898376428142	0.896344396344
0.898135898978	0.899118118653	0.89972940469	0.89984538739	0.897374223291	0.891774891775
0.898135898978	0.897381079637	0.898677089597	0.896924926988	0.898576869112	0.897306397306
0.898135898978	0.897781934794	0.896572459411	0.896924926988	0.896372018441	0.89923039923
0.898135898978	0.900320684126	0.901533373422	0.902765847792	0.900180396873	0.902356902357
0.898135898978	0.899251737039	0.898226097414	0.897955677719	0.8959711365	0.899470899471
0.898135898978	0.899118118653	0.898977751052	0.900532554544	0.899979955903	0.903559403559
0.898135898978	0.899118118653	0.897324113049	0.899673595602	0.897173782321	0.901875901876
0.898135898978	0.898984500267	0.899278412508	0.902937639581	0.899979955903	0.900913900914
0.898135898978	0.901656867985	0.902435357787	0.903109431369	0.901984365604	0.899711399711
0.898135898978	0.898182789952	0.8959711365	0.897440302354	0.898576869112	0.898508898509
0.898135898978	0.897247461251	0.897925435959	0.896581343412	0.899178192022	0.898749398749
0.898135898978	0.900053447354	0.900781719784	0.901563305274	0.903387452395	0.902597402597
0.898135898978	0.900320684126	0.902736019242	0.904140182099	0.903788334336	0.90404040404
0.898135898978	0.899919828968	0.899278412508	0.897955677719	0.898376428142	0.899711399711
0.898135898978	0.898316408338	0.897023451594	0.896924926988	0.897173782321	0.896103896104
0.898135898978	0.899118118653	0.900030066146	0.89881463666	0.900781719784	0.906204906205
0.898135898978	0.900721539284	0.90288634997	0.905686308194	0.905191421126	0.90404040404
0.898135898978	0.897648316408	0.89852675887	0.89881463666	0.898977751052	0.89923039923
0.898135898978	0.899385355425	0.899278412508	0.902078680639	0.900380837843	0.905242905243
