0.926638604931	0.927578834848	0.929945880938	0.930252533929	0.933453597915	0.93265993266
0.926638604931	0.930251202565	0.931599518942	0.934719120426	0.935858889557	0.933621933622
0.926638604931	0.926777124532	0.930697534576	0.929908950352	0.931449188214	0.931938431938
0.926638604931	0.928514163549	0.928743235117	0.930939701082	0.931649629184	0.932419432419
0.926638604931	0.92944949225	0.930998196031	0.931626868236	0.933453597915	0.935064935065
0.926638604931	0.93172100481	0.932651834035	0.934203745061	0.933854479856	0.934824434824
0.926638604931	0.930785676109	0.932802164762	0.932314035389	0.933052715975	0.933621933622
0.926638604931	0.930384820951	0.931298857486	0.933001202543	0.931850070154	0.930254930255
0.926638604931	0.931453768038	0.932651834035	0.929908950352	0.929244337543	0.927128427128
0.926638604931	0.931988241582	0.930547203848	0.931283284659	0.933453597915	0.930014430014
0.926638604931	0.929182255478	0.931298857486	0.931798660024	0.934054920826	0.936507936508
0.926638604931	0.931453768038	0.930998196031	0.930939701082	0.932451393065	0.933621933622
0.926638604931	0.929716729022	0.930246542393	0.931455076447	0.932451393065	0.932419432419
0.926638604931	0.930384820951	0.933704149128	0.932142243601	0.931449188214	0.929533429533
0.926638604931	0.928781400321	0.931298857486	0.930252533929	0.928643014632	0.930976430976
0.926638604931	0.928246926777	0.928893565845	0.930080742141	0.930847865304	0.930254930255
0.926638604931	0.928781400321	0.92979555021	0.931455076447	0.932451393065	0.931938431938
0.926638604931	0.930785676109	0.931749849669	0.932314035389	0.934656243736	0.933381433381
0.926638604931	0.929315873864	0.93295249549	0.929565366775	0.934455802766	0.938191438191
0.926638604931	0.930518439337	0.929945880938	0.932142243601	0.933453597915	0.933381433381
0.926638604931	0.929850347408	0.930547203848	0.933172994331	0.934856684706	0.933621933622
0.926638604931	0.929850347408	0.930547203848	0.931798660024	0.935257566647	0.935064935065
0.926638604931	0.927979690005	0.93235117258	0.933516577908	0.934455802766	0.9329004329
0.926638604931	0.931587386424	0.930847865304	0.935749871156	0.937261976348	0.93746993747
0.926638604931	0.931186531267	0.931449188214	0.936265246521	0.938665063139	0.939153439153
0.926638604931	0.925841795831	0.928292242934	0.930252533929	0.933253156945	0.933140933141
0.926638604931	0.928781400321	0.928442573662	0.931798660024	0.930046101423	0.934343434343
0.926638604931	0.928647781935	0.929645219483	0.930939701082	0.931248747244	0.934102934103
0.926638604931	0.930785676109	0.9291942273	0.933516577908	0.934054920826	0.939153439153
0.926638604931	0.928647781935	0.928141912207	0.932142243601	0.931449188214	0.9329004329
0.926638604931	0.931320149653	0.92979555021	0.932142243601	0.932050511124	0.931216931217
0.926638604931	0.92944949225	0.931599518942	0.932485827177	0.931048306274	0.9329004329
0.926638604931	0.926109032603	0.92979555021	0.931455076447	0.934656243736	0.934343434343
0.926638604931	0.929315873864	0.933102826218	0.935406287579	0.935257566647	0.935305435305
0.926638604931	0.930652057723	0.929043896572	0.929393574987	0.934255361796	0.935305435305
0.926638604931	0.927311598076	0.930547203848	0.931111492871	0.932651834035	0.931697931698
0.926638604931	0.929850347408	0.93235117258	0.933001202543	0.933854479856	0.931697931698
0.926638604931	0.930652057723	0.931749849669	0.931798660024	0.934656243736	0.93265993266
0.926638604931	0.931052912881	0.93235117258	0.931798660024	0.930647424334	0.933381433381
0.926638604931	0.930518439337	0.931749849669	0.934719120426	0.934054920826	0.932419432419
0.926638604931	0.933458043827	0.931749849669	0.934203745061	0.931048306274	0.935064935065
0.926638604931	0.929583110636	0.93295249549	0.934031953273	0.934656243736	0.935305435305
0.926638604931	0.928647781935	0.930096211666	0.92801924068	0.934255361796	0.933140933141
0.926638604931	0.928380545163	0.930246542393	0.931283284659	0.932250952095	0.931697931698
0.926638604931	0.92944949225	0.930998196031	0.934203745061	0.936059330527	0.935064935065
0.926638604931	0.929850347408	0.927540589296	0.928191032469	0.929043896572	0.931938431938
0.926638604931	0.930251202565	0.928893565845	0.927160281739	0.926438163961	0.927128427128
0.926638604931	0.929315873864	0.931900180397	0.929908950352	0.930446983363	0.930495430495
0.926638604931	0.927578834848	0.927991581479	0.930252533929	0.930446983363	0.933621933622
0.926638604931	0.928781400321	0.932200841852	0.932485827177	0.932451393065	0.930495430495
0.926638604931	0.927311598076	0.927690920024	0.930252533929	0.929845660453	0.929773929774
0.926638604931	0.928647781935	0.930847865304	0.931798660024	0.932651834035	0.933381433381
0.926638604931	0.927979690005	0.929494888755	0.930252533929	0.932852275005	0.932178932179
0.926638604931	0.926509887761	0.930396873121	0.934375536849	0.934054920826	0.935545935546
0.926638604931	0.93011758418	0.93235117258	0.932314035389	0.931649629184	0.931697931698
0.926638604931	0.928380545163	0.9291942273	0.92904999141	0.931850070154	0.930014430014
0.926638604931	0.929583110636	0.934004810583	0.932314035389	0.934856684706	0.93746993747
0.926638604931	0.930384820951	0.931599518942	0.932829410754	0.931449188214	0.93265993266
0.926638604931	0.930919294495	0.934305472038	0.936952413675	0.938665063139	0.93771043771
0.926638604931	0.929048637092	0.929043896572	0.931626868236	0.932451393065	0.928811928812
0.926638604931	0.927578834848	0.929945880938	0.930939701082	0.932852275005	0.93265993266
0.926638604931	0.927712453234	0.929344558028	0.932314035389	0.934856684706	0.939153439153
0.926638604931	0.926910742918	0.931298857486	0.932485827177	0.934856684706	0.937950937951
0.926638604931	0.928647781935	0.929043896572	0.930767909294	0.932651834035	0.932419432419
0.926638604931	0.929182255478	0.931298857486	0.930767909294	0.930847865304	0.933381433381
0.926638604931	0.931988241582	0.931599518942	0.930939701082	0.934455802766	0.933862433862
0.926638604931	0.928380545163	0.931449188214	0.932485827177	0.933453597915	0.936507936508
0.926638604931	0.929182255478	0.932050511124	0.932829410754	0.933654038886	0.932178932179
0.926638604931	0.928647781935	0.933102826218	0.932485827177	0.935057125676	0.936026936027
0.926638604931	0.929182255478	0.932651834035	0.931798660024	0.933854479856	0.936507936508
0.926638604931	0.930384820951	0.930547203848	0.933001202543	0.932250952095	0.933862433862
0.926638604931	0.93011758418	0.929945880938	0.933344786119	0.931649629184	0.9329004329
0.926638604931	0.928246926777	0.930697534576	0.930252533929	0.930046101423	0.928571428571
0.926638604931	0.931186531267	0.930847865304	0.930252533929	0.933052715975	0.934824434824
0.926638604931	0.928380545163	0.931599518942	0.932485827177	0.933453597915	0.936748436748
0.926638604931	0.929315873864	0.9335538184	0.933688369696	0.936660653438	0.935545935546
0.926638604931	0.928113308391	0.929043896572	0.930596117506	0.931248747244	0.935064935065
0.926638604931	0.931320149653	0.930246542393	0.931455076447	0.931850070154	0.930014430014
0.926638604931	0.927578834848	0.92979555021	0.933344786119	0.935257566647	0.934343434343
0.926638604931	0.928113308391	0.931900180397	0.933001202543	0.935658448587	0.937950937951
0.926638604931	0.93011758418	0.932200841852	0.934547328638	0.934054920826	0.933140933141
0.926638604931	0.929716729022	0.931449188214	0.930596117506	0.931048306274	0.930976430976
0.926638604931	0.928781400321	0.931148526759	0.928706407834	0.929244337543	0.929773929774
0.926638604931	0.927979690005	0.930396873121	0.932314035389	0.932250952095	0.930014430014
0.926638604931	0.931587386424	0.935959110042	0.936952413675	0.937462417318	0.938672438672
0.926638604931	0.928915018707	0.929645219483	0.930080742141	0.932250952095	0.934824434824
0.926638604931	0.931320149653	0.933704149128	0.933172994331	0.932050511124	0.934102934103
0.926638604931	0.928647781935	0.9291942273	0.931626868236	0.931048306274	0.932178932179
0.926638604931	0.927979690005	0.927540589296	0.932142243601	0.930046101423	0.937229437229
0.926638604931	0.931587386424	0.932050511124	0.933172994331	0.933854479856	0.933621933622
0.926638604931	0.927712453234	0.927239927841	0.929737158564	0.929244337543	0.930495430495
0.926638604931	0.928781400321	0.929494888755	0.929565366775	0.930647424334	0.930976430976
0.926638604931	0.931320149653	0.934004810583	0.935921662945	0.935458007617	0.936507936508
0.926638604931	0.93238909674	0.935357787132	0.935749871156	0.938865504109	0.938912938913
0.926638604931	0.930518439337	0.930096211666	0.933172994331	0.934656243736	0.938912938913
0.926638604931	0.929182255478	0.931148526759	0.930080742141	0.932050511124	0.9329004329
0.926638604931	0.934259754142	0.9335538184	0.932142243601	0.934455802766	0.936026936027
0.926638604931	0.932121859968	0.934004810583	0.934375536849	0.937462417318	0.93771043771
0.926638604931	0.928514163549	0.9291942273	0.932314035389	0.933052715975	0.934824434824
0.926638604931	0.927578834848	0.932651834035	0.933688369696	0.933052715975	0.936507936508
