0.927961515334	0.929716729022	0.930697534576	0.932829410754	0.933453597915	0.93265993266
0.927961515334	0.930384820951	0.930396873121	0.931798660024	0.933453597915	0.930976430976
0.927961515334	0.927979690005	0.932501503307	0.930939701082	0.932451393065	0.931457431457
0.927961515334	0.929983965794	0.931900180397	0.930939701082	0.931850070154	0.931216931217
0.927961515334	0.929850347408	0.931148526759	0.932829410754	0.932250952095	0.936026936027
0.927961515334	0.931320149653	0.932501503307	0.935406287579	0.936460212467	0.935305435305
0.927961515334	0.928647781935	0.930246542393	0.932485827177	0.933253156945	0.933140933141
0.927961515334	0.92944949225	0.930697534576	0.932142243601	0.931048306274	0.929052429052
0.927961515334	0.930384820951	0.930547203848	0.92904999141	0.929244337543	0.926647426647
0.927961515334	0.927979690005	0.930396873121	0.930767909294	0.932050511124	0.931697931698
0.927961515334	0.931320149653	0.933102826218	0.931626868236	0.934856684706	0.933621933622
0.927961515334	0.929583110636	0.931749849669	0.931970451812	0.931449188214	0.931697931698
0.927961515334	0.927445216462	0.93295249549	0.932314035389	0.933654038886	0.935064935065
0.927961515334	0.929983965794	0.932802164762	0.931111492871	0.931649629184	0.929052429052
0.927961515334	0.928380545163	0.930697534576	0.931798660024	0.930246542393	0.931457431457
0.927961515334	0.928113308391	0.929043896572	0.932142243601	0.931850070154	0.930976430976
0.927961515334	0.929583110636	0.930096211666	0.930596117506	0.933052715975	0.933381433381
0.927961515334	0.928380545163	0.930396873121	0.933344786119	0.935658448587	0.934824434824
0.927961515334	0.929583110636	0.932050511124	0.930939701082	0.934856684706	0.939634439634
0.927961515334	0.930652057723	0.931148526759	0.933344786119	0.934455802766	0.933140933141
0.927961515334	0.927979690005	0.930998196031	0.931111492871	0.930446983363	0.931216931217
0.927961515334	0.928781400321	0.931298857486	0.933516577908	0.937462417318	0.937950937951
0.927961515334	0.929315873864	0.931749849669	0.933172994331	0.933854479856	0.932419432419
0.927961515334	0.93011758418	0.933102826218	0.936952413675	0.935658448587	0.934583934584
0.927961515334	0.929315873864	0.929344558028	0.933172994331	0.936259771497	0.935786435786
0.927961515334	0.92717797969	0.930396873121	0.928706407834	0.931048306274	0.930495430495
0.927961515334	0.928781400321	0.929945880938	0.934203745061	0.937462417318	0.939634439634
0.927961515334	0.929583110636	0.931749849669	0.932657618966	0.932250952095	0.936988936989
0.927961515334	0.928915018707	0.92859290439	0.933344786119	0.935257566647	0.937950937951
0.927961515334	0.929315873864	0.929494888755	0.930767909294	0.931449188214	0.932419432419
0.927961515334	0.931052912881	0.93235117258	0.932142243601	0.931649629184	0.932419432419
0.927961515334	0.927044361304	0.930697534576	0.934031953273	0.932050511124	0.933381433381
0.927961515334	0.929850347408	0.930547203848	0.931111492871	0.934455802766	0.933621933622
0.927961515334	0.930384820951	0.934305472038	0.935921662945	0.937061535378	0.936026936027
0.927961515334	0.92944949225	0.92859290439	0.930424325717	0.932451393065	0.934583934584
0.927961515334	0.927445216462	0.9291942273	0.929393574987	0.928242132692	0.929773929774
0.927961515334	0.927979690005	0.93235117258	0.931283284659	0.930847865304	0.929292929293
0.927961515334	0.929048637092	0.93235117258	0.932142243601	0.934856684706	0.934824434824
0.927961515334	0.931186531267	0.930998196031	0.931798660024	0.933654038886	0.935305435305
0.927961515334	0.929983965794	0.929645219483	0.932657618966	0.934054920826	0.930014430014
0.927961515334	0.932255478354	0.93295249549	0.934547328638	0.931248747244	0.936748436748
0.927961515334	0.931587386424	0.933403487673	0.934890912214	0.932651834035	0.932419432419
0.927961515334	0.928781400321	0.930096211666	0.931111492871	0.932651834035	0.933140933141
0.927961515334	0.928647781935	0.934155141311	0.934203745061	0.932852275005	0.933381433381
0.927961515334	0.929315873864	0.931148526759	0.933001202543	0.934656243736	0.936748436748
0.927961515334	0.928514163549	0.928442573662	0.929908950352	0.932250952095	0.934343434343
0.927961515334	0.929048637092	0.92979555021	0.929221783199	0.927841250752	0.927609427609
0.927961515334	0.929048637092	0.929494888755	0.931111492871	0.931449188214	0.933381433381
0.927961515334	0.929182255478	0.930847865304	0.931283284659	0.932651834035	0.934583934584
0.927961515334	0.929850347408	0.93235117258	0.932657618966	0.934656243736	0.933621933622
0.927961515334	0.92717797969	0.929344558028	0.928534616045	0.929645219483	0.929052429052
0.927961515334	0.927712453234	0.929645219483	0.929393574987	0.929645219483	0.929773929774
0.927961515334	0.930652057723	0.931449188214	0.933172994331	0.934054920826	0.931938431938
0.927961515334	0.928915018707	0.930697534576	0.935062704003	0.935858889557	0.938431938432
0.927961515334	0.928380545163	0.930396873121	0.933001202543	0.933854479856	0.933621933622
0.927961515334	0.929048637092	0.929043896572	0.929908950352	0.930446983363	0.929773929774
0.927961515334	0.929716729022	0.931449188214	0.932829410754	0.934054920826	0.936026936027
0.927961515334	0.93011758418	0.933102826218	0.932829410754	0.932852275005	0.935545935546
0.927961515334	0.93011758418	0.932200841852	0.933344786119	0.937061535378	0.939393939394
0.927961515334	0.929182255478	0.930246542393	0.933344786119	0.934455802766	0.932419432419
0.927961515334	0.928246926777	0.930096211666	0.930080742141	0.932651834035	0.935064935065
0.927961515334	0.927044361304	0.930847865304	0.935406287579	0.938665063139	0.941317941318
0.927961515334	0.92944949225	0.931148526759	0.932829410754	0.938063740229	0.938672438672
0.927961515334	0.929850347408	0.929494888755	0.932314035389	0.933453597915	0.93265993266
0.927961515334	0.928647781935	0.930396873121	0.930767909294	0.933253156945	0.936507936508
0.927961515334	0.929583110636	0.929945880938	0.929737158564	0.931048306274	0.934343434343
0.927961515334	0.929583110636	0.931900180397	0.933172994331	0.933253156945	0.936267436267
0.927961515334	0.928380545163	0.932050511124	0.931626868236	0.931850070154	0.933621933622
0.927961515334	0.932121859968	0.931900180397	0.931455076447	0.934054920826	0.935786435786
0.927961515334	0.930919294495	0.931148526759	0.930596117506	0.931048306274	0.932419432419
0.927961515334	0.930518439337	0.929344558028	0.934203745061	0.934856684706	0.935305435305
0.927961515334	0.930251202565	0.933253156945	0.933860161484	0.933654038886	0.934343434343
0.927961515334	0.929315873864	0.929043896572	0.928706407834	0.928643014632	0.930014430014
0.927961515334	0.930518439337	0.929043896572	0.930939701082	0.930847865304	0.931457431457
0.927961515334	0.928781400321	0.930396873121	0.933001202543	0.934856684706	0.935786435786
0.927961515334	0.930518439337	0.93235117258	0.934203745061	0.935257566647	0.934102934103
0.927961515334	0.929983965794	0.929344558028	0.931626868236	0.931048306274	0.935545935546
0.927961515334	0.929182255478	0.930547203848	0.933001202543	0.933052715975	0.931938431938
0.927961515334	0.929983965794	0.932802164762	0.933516577908	0.934054920826	0.93265993266
0.927961515334	0.927044361304	0.930096211666	0.932657618966	0.935057125676	0.937950937951
0.927961515334	0.93011758418	0.931298857486	0.934719120426	0.934054920826	0.930495430495
0.927961515334	0.931453768038	0.93235117258	0.933172994331	0.931850070154	0.929052429052
0.927961515334	0.930251202565	0.932200841852	0.930939701082	0.929444778513	0.931457431457
0.927961515334	0.927979690005	0.929645219483	0.933860161484	0.932451393065	0.931216931217
0.927961515334	0.930384820951	0.933403487673	0.935234495791	0.935257566647	0.93746993747
0.927961515334	0.930518439337	0.930998196031	0.930939701082	0.930446983363	0.931938431938
0.927961515334	0.931587386424	0.93295249549	0.933344786119	0.933453597915	0.934343434343
0.927961515334	0.927445216462	0.928893565845	0.931455076447	0.930246542393	0.931938431938
0.927961515334	0.930518439337	0.931749849669	0.935234495791	0.934455802766	0.936748436748
0.927961515334	0.930785676109	0.933704149128	0.936093454733	0.936660653438	0.93746993747
0.927961515334	0.928647781935	0.928743235117	0.931970451812	0.932451393065	0.934102934103
0.927961515334	0.927979690005	0.930697534576	0.931798660024	0.934255361796	0.933140933141
0.927961515334	0.928781400321	0.932802164762	0.934203745061	0.934455802766	0.934583934584
0.927961515334	0.931186531267	0.934906794949	0.935749871156	0.937261976348	0.938191438191
0.927961515334	0.92944949225	0.931749849669	0.933688369696	0.933052715975	0.936026936027
0.927961515334	0.929315873864	0.930246542393	0.928706407834	0.930647424334	0.934102934103
0.927961515334	0.93238909674	0.934155141311	0.933516577908	0.936259771497	0.937229437229
0.927961515334	0.932789951897	0.937011425135	0.93746778904	0.937261976348	0.936026936027
0.927961515334	0.927578834848	0.929344558028	0.931970451812	0.932050511124	0.933621933622
0.927961515334	0.929583110636	0.932651834035	0.934031953273	0.933453597915	0.934102934103
