0.840889957907	0.848743987173	0.851924233313	0.85500773063	0.872118661054	0.878306878307
0.840889957907	0.838054516301	0.854780517138	0.873389451984	0.878131890158	0.881192881193
0.840889957907	0.85729556387	0.870264582081	0.862222985741	0.873722188815	0.87518037518
0.840889957907	0.830438268306	0.847564642213	0.854320563477	0.860092202846	0.868686868687
0.840889957907	0.860368786745	0.862898376428	0.871327950524	0.876528362397	0.885281385281
0.840889957907	0.84460181721	0.851924233313	0.859302525339	0.878332331128	0.885762385762
0.840889957907	0.844468198824	0.849218280216	0.84985397698	0.868911605532	0.872775372775
0.840889957907	0.868385889898	0.869362597715	0.868751073699	0.872319102024	0.87012987013
0.840889957907	0.861036878675	0.872068550812	0.872358701254	0.874323511726	0.875901875902
0.840889957907	0.857429182255	0.865453998797	0.872874076619	0.881539386651	0.881192881193
0.840889957907	0.85435595938	0.861996392063	0.865658821508	0.870515133293	0.874458874459
0.840889957907	0.856360235168	0.866806975346	0.865315237932	0.873922629786	0.880952380952
0.840889957907	0.856894708712	0.872068550812	0.871671534101	0.874924834636	0.884078884079
0.840889957907	0.852351683592	0.866506313891	0.868063906545	0.861495289637	0.868927368927
0.840889957907	0.841127739177	0.84771497294	0.85294622917	0.862096612548	0.866522366522
0.840889957907	0.859032602886	0.854479855683	0.8613640268	0.870916015234	0.878066378066
0.840889957907	0.845670764297	0.84771497294	0.854664147054	0.864702345159	0.871091871092
0.840889957907	0.852886157135	0.858839446783	0.870640783371	0.870515133293	0.876863876864
0.840889957907	0.836451095671	0.850420926037	0.863769111836	0.876929244338	0.882635882636
0.840889957907	0.859834313201	0.860793746242	0.873217660196	0.88093806374	0.87974987975
0.840889957907	0.854890432924	0.866506313891	0.869266449064	0.872519542995	0.879268879269
0.840889957907	0.856226616782	0.857486470235	0.865315237932	0.859691320906	0.87012987013
0.840889957907	0.854088722608	0.84711365003	0.864971654355	0.871116456204	0.878547378547
0.840889957907	0.848075895243	0.868911605532	0.872358701254	0.875125275606	0.87974987975
0.840889957907	0.862773917691	0.864401683704	0.866689572238	0.871116456204	0.873977873978
0.840889957907	0.838054516301	0.845009019844	0.852087270228	0.864702345159	0.880230880231
0.840889957907	0.854088722608	0.866957306073	0.875450953444	0.876127480457	0.8848003848
0.840889957907	0.850080171032	0.859440769693	0.869266449064	0.88113850471	0.880711880712
0.840889957907	0.868786745056	0.863199037883	0.869781824429	0.871918220084	0.880952380952
0.840889957907	0.867316942811	0.865754660253	0.867204947604	0.876327921427	0.881914381914
0.840889957907	0.849679315874	0.851022248948	0.864799862567	0.867508518741	0.87012987013
0.840889957907	0.845403527525	0.853427540589	0.863940903625	0.871116456204	0.873977873978
0.840889957907	0.855157669695	0.860493084787	0.861192235011	0.873120865905	0.881192881193
0.840889957907	0.843532870123	0.856434155141	0.865658821508	0.868310282622	0.879028379028
0.840889957907	0.837386424372	0.848316295851	0.867204947604	0.864702345159	0.876382876383
0.840889957907	0.859433458044	0.863048707156	0.863769111836	0.868510723592	0.874699374699
0.840889957907	0.853019775521	0.855231509321	0.863940903625	0.86590499098	0.867724867725
0.840889957907	0.864243719936	0.855532170776	0.859302525339	0.868109841652	0.873256373256
0.840889957907	0.846205237841	0.861846061335	0.872874076619	0.866706754861	0.877825877826
0.840889957907	0.845938001069	0.861846061335	0.863253736471	0.863499699339	0.864117364117
0.840889957907	0.837653661144	0.844708358388	0.860505067858	0.869512928443	0.883116883117
0.840889957907	0.847942276857	0.855081178593	0.866345988662	0.875526157547	0.881192881193
0.840889957907	0.843399251737	0.850571256765	0.859646108916	0.875927039487	0.87493987494
0.840889957907	0.863041154463	0.862748045701	0.867376739392	0.868109841652	0.871091871092
0.840889957907	0.836451095671	0.842453397474	0.853805188112	0.863499699339	0.872053872054
0.840889957907	0.858765366114	0.860793746242	0.860505067858	0.86530366807	0.872534872535
0.840889957907	0.851015499733	0.864251352977	0.86548702972	0.867107636801	0.87974987975
0.840889957907	0.84914484233	0.852375225496	0.861535818588	0.863900581279	0.867003367003
0.840889957907	0.852485301978	0.860192423331	0.868063906545	0.870715574263	0.878547378547
0.840889957907	0.865179048637	0.87282020445	0.868751073699	0.875726598517	0.876623376623
0.840889957907	0.848075895243	0.856584485869	0.86445627899	0.868109841652	0.871813371813
0.840889957907	0.867851416355	0.868460613349	0.874935578079	0.887352174785	0.887205387205
0.840889957907	0.848476750401	0.859140108238	0.864112695413	0.876127480457	0.878306878307
0.840889957907	0.855692143239	0.861996392063	0.874591994503	0.873922629786	0.878066378066
0.840889957907	0.849679315874	0.860643415514	0.869781824429	0.879134095009	0.878306878307
0.840889957907	0.849679315874	0.844107035478	0.852774437382	0.864702345159	0.874458874459
0.840889957907	0.842998396579	0.86214672279	0.856897440302	0.864101022249	0.876623376623
0.840889957907	0.856761090326	0.86154539988	0.871156158736	0.88093806374	0.88455988456
0.840889957907	0.853019775521	0.861094407697	0.873904827349	0.883142914412	0.878066378066
0.840889957907	0.844067343666	0.865453998797	0.870468991582	0.874123070756	0.870851370851
0.840889957907	0.841394975949	0.856885147324	0.86342552826	0.870715574263	0.876142376142
0.840889957907	0.845537145911	0.843054720385	0.847277100155	0.857486470235	0.871332371332
0.840889957907	0.843532870123	0.853126879134	0.865830613297	0.871717779114	0.880711880712
0.840889957907	0.857696419027	0.855832832231	0.868922865487	0.874724393666	0.881914381914
0.840889957907	0.851817210048	0.864702345159	0.867376739392	0.875325716576	0.880471380471
0.840889957907	0.852351683592	0.862748045701	0.868751073699	0.874323511726	0.882635882636
0.840889957907	0.86411010155	0.848917618761	0.862566569318	0.875325716576	0.881914381914
0.840889957907	0.849679315874	0.857035478052	0.871499742312	0.876929244338	0.882876382876
0.840889957907	0.851549973276	0.855983162959	0.863769111836	0.863900581279	0.875420875421
0.840889957907	0.849412079102	0.861244738425	0.863253736471	0.871116456204	0.879268879269
0.840889957907	0.852886157135	0.859891761876	0.86754853118	0.871717779114	0.87974987975
0.840889957907	0.846606092998	0.851022248948	0.871327950524	0.874924834636	0.876623376623
0.840889957907	0.859700694816	0.870715574263	0.863253736471	0.871116456204	0.874699374699
0.840889957907	0.8475414217	0.872519542995	0.877856038481	0.878131890158	0.87493987494
0.840889957907	0.844067343666	0.851623571858	0.853633396324	0.867508518741	0.873977873978
0.840889957907	0.848877605559	0.849218280216	0.858443566398	0.867708959711	0.880952380952
0.840889957907	0.860502405131	0.867257967529	0.866689572238	0.870715574263	0.880711880712
0.840889957907	0.840593265633	0.848015634396	0.857756399244	0.864301463219	0.87037037037
0.840889957907	0.853955104222	0.864552014432	0.86857928191	0.870916015234	0.879509379509
0.840889957907	0.859834313201	0.863800360794	0.863769111836	0.878733213069	0.88455988456
0.840889957907	0.862506680919	0.864702345159	0.86754853118	0.870715574263	0.876863876864
0.840889957907	0.849545697488	0.8583884546	0.872530493042	0.875927039487	0.875661375661
0.840889957907	0.843933725281	0.866055321708	0.86445627899	0.866506313891	0.875901875902
0.840889957907	0.842998396579	0.842904389657	0.864284487202	0.868711164562	0.877585377585
0.840889957907	0.842196686264	0.852675886951	0.86548702972	0.873321306875	0.873015873016
0.840889957907	0.848476750401	0.848917618761	0.857756399244	0.870916015234	0.869648869649
0.840889957907	0.848075895243	0.850420926037	0.855179522419	0.861294848667	0.873977873978
0.840889957907	0.866247995724	0.863800360794	0.871499742312	0.875927039487	0.879268879269
0.840889957907	0.849545697488	0.853728202044	0.873045868407	0.875726598517	0.877104377104
0.840889957907	0.848476750401	0.865153337342	0.870984366947	0.870114251353	0.874218374218
0.840889957907	0.863442009621	0.867708959711	0.864971654355	0.874724393666	0.872775372775
0.840889957907	0.851015499733	0.85778713169	0.874076619138	0.884546001203	0.883838383838
0.840889957907	0.843399251737	0.859741431149	0.866002405085	0.868310282622	0.874218374218
0.840889957907	0.854756814538	0.859591100421	0.857412815667	0.86550410904	0.883116883117
0.840889957907	0.843132014965	0.848616957306	0.864112695413	0.86610543195	0.876142376142
0.840889957907	0.856360235168	0.861996392063	0.86239477753	0.875526157547	0.883597883598
0.840889957907	0.855157669695	0.867558628984	0.866002405085	0.872719983965	0.87999037999
0.840889957907	0.8371191876	0.852525556224	0.863940903625	0.872118661054	0.883357383357
0.840889957907	0.849679315874	0.862297053518	0.859646108916	0.869713369413	0.875420875421
0.840889957907	0.852618920363	0.859741431149	0.869953616217	0.872118661054	0.879509379509
