0.553106212425	0.56778069846	0.5683942226	0.575942915392	0.593008739076	0.604150653344
0.553106212425	0.574159021407	0.587252747253	0.604198668715	0.61853188929	0.627106227106
0.553106212425	0.574990261005	0.588235294118	0.593977154725	0.610253242742	0.628614916286
0.553106212425	0.54857560263	0.561626429479	0.576237623762	0.589988081049	0.605531295488
0.553106212425	0.580545943868	0.595227375056	0.59634464752	0.602959309494	0.614906832298
0.553106212425	0.560663149962	0.566752799311	0.587929240375	0.610126582278	0.625386996904
0.553106212425	0.561535566428	0.57454228422	0.57966616085	0.593618302228	0.609454545455
0.553106212425	0.580367618303	0.587865168539	0.592980618125	0.59891107078	0.601164483261
0.553106212425	0.575572519084	0.586525759577	0.602471678682	0.616625310174	0.610743193525
0.553106212425	0.571754853445	0.583296509059	0.601150026137	0.619788425638	0.625287356322
0.553106212425	0.572755417957	0.587180636486	0.588541666667	0.596513075965	0.607784431138
0.553106212425	0.572762645914	0.592955862684	0.598246518824	0.60971112477	0.617117117117
0.553106212425	0.577586206897	0.593396653098	0.600314300681	0.593366093366	0.613908872902
0.553106212425	0.566151526574	0.587652095539	0.594764397906	0.590881458967	0.604274134119
0.553106212425	0.55421686747	0.559477124183	0.559793814433	0.570897832817	0.572082379863
0.553106212425	0.570762052877	0.571553610503	0.588837685612	0.59840588596	0.615969581749
0.553106212425	0.562940958039	0.577815267819	0.591620393741	0.602252519265	0.622516556291
0.553106212425	0.566526877621	0.579697239537	0.587434554974	0.601869158879	0.607462686567
0.553106212425	0.561721404304	0.57824933687	0.595275590551	0.610340479193	0.609523809524
0.553106212425	0.589703588144	0.591365023986	0.614044079959	0.623931623932	0.634218289086
0.553106212425	0.57880539499	0.591574279379	0.604435275915	0.616321559074	0.621502209131
0.553106212425	0.561901111537	0.572846188543	0.580201164637	0.566871165644	0.585967617579
0.553106212425	0.572182434979	0.575330772514	0.589653440482	0.597864768683	0.607449856734
0.553106212425	0.561538461538	0.588555858311	0.611410118407	0.606870229008	0.621557828482
0.553106212425	0.584234930448	0.591476538958	0.586856851758	0.60097323601	0.60312732688
0.553106212425	0.567649281935	0.574978577549	0.578431372549	0.612121212121	0.621245421245
0.553106212425	0.574676597413	0.588503649635	0.591625883632	0.604409857328	0.60938743039
0.553106212425	0.566378337721	0.592	0.608333333333	0.61811505508	0.618127786033
0.553106212425	0.597371565114	0.586009678839	0.595225464191	0.611779607346	0.621705426357
0.553106212425	0.578332034295	0.589363557105	0.604627249357	0.625609756098	0.627941176471
0.553106212425	0.560272934041	0.575330396476	0.586597938144	0.591325595602	0.595202398801
0.553106212425	0.567220543807	0.573414422242	0.586832555728	0.596960486322	0.60235640648
0.553106212425	0.569785276074	0.583778966132	0.58578680203	0.60770688566	0.605222734255
0.553106212425	0.562358276644	0.574743418117	0.591923485654	0.589408099688	0.614088820827
0.553106212425	0.556962025316	0.579948141746	0.595141700405	0.604166666667	0.611455108359
0.553106212425	0.563691838291	0.584697036709	0.594814438231	0.605294825511	0.614150255288
0.553106212425	0.570011446013	0.571923743501	0.583033419023	0.5799031477	0.59057437408
0.553106212425	0.571978444958	0.588491717524	0.603222557905	0.601449275362	0.608315098468
0.553106212425	0.55754857997	0.580616346583	0.59354177345	0.60396039604	0.61329305136
0.553106212425	0.57	0.580879021296	0.588235294118	0.584103512015	0.593245227606
0.553106212425	0.562547384382	0.576124567474	0.580976863753	0.601113172542	0.618792971734
0.553106212425	0.566874027994	0.576164874552	0.591473286562	0.598978288633	0.619589977221
0.553106212425	0.559213015513	0.577057793345	0.587455379908	0.599632127529	0.602535421327
0.553106212425	0.571758368603	0.573959255979	0.588541666667	0.589822194972	0.59375
0.553106212425	0.560740740741	0.577054794521	0.582417582418	0.599399399399	0.611271676301
0.553106212425	0.584304584305	0.587357330992	0.595918367347	0.60479409957	0.599545798637
0.553106212425	0.564239420511	0.590476190476	0.590610802625	0.59987929994	0.616064848931
0.553106212425	0.568356374808	0.572419774501	0.581689428427	0.586288416076	0.6
0.553106212425	0.572759022119	0.577916295637	0.604166666667	0.60270602706	0.6230248307
0.553106212425	0.582608695652	0.590825688073	0.601910828025	0.618696186962	0.630418809699
0.553106212425	0.555266096018	0.574041811847	0.586450960566	0.595410628019	0.606104651163
0.553106212425	0.592125984252	0.602003642987	0.613575628006	0.636363636364	0.64168618267
0.553106212425	0.551698113208	0.561728395062	0.578034682081	0.605412208936	0.610091743119
0.553106212425	0.565965583174	0.580301685892	0.602840610205	0.605166051661	0.61153262519
0.553106212425	0.574598316756	0.599277978339	0.601677148847	0.623296158612	0.612852664577
0.553106212425	0.558744737849	0.556319862425	0.574677002584	0.586484810911	0.588770864947
0.553106212425	0.565589000372	0.581974248927	0.592924763328	0.607433217189	0.63829787234
0.553106212425	0.58114374034	0.58781680747	0.601941747573	0.619490999379	0.638972809668
0.553106212425	0.573399770027	0.585344057194	0.603457307491	0.619167717528	0.630284396618
0.553106212425	0.562332182585	0.587131367292	0.596074380165	0.611705475142	0.614567526555
0.553106212425	0.559131736527	0.582345191041	0.607438016529	0.60243902439	0.608761329305
0.553106212425	0.565052950076	0.563535911602	0.561420818944	0.582629674306	0.597285067873
0.553106212425	0.564553093965	0.568484328038	0.58358662614	0.596923076923	0.608562691131
0.553106212425	0.566589684373	0.579244463743	0.579695431472	0.600487210719	0.617602427921
0.553106212425	0.565980167811	0.586869138008	0.592360020931	0.619949494949	0.619674670798
0.553106212425	0.569303054033	0.573231185219	0.584293193717	0.590428837787	0.594965675057
0.553106212425	0.584226646248	0.569565217391	0.58208182289	0.606557377049	0.628304821151
0.553106212425	0.574606827771	0.582437275986	0.603713527851	0.612015018773	0.609583660644
0.553106212425	0.570097087379	0.582109479306	0.578052550232	0.576923076923	0.59667673716
0.553106212425	0.565749235474	0.590120160214	0.601617795753	0.620098039216	0.631736526946
0.553106212425	0.569896591344	0.583184257603	0.5825446898	0.592545799116	0.610852713178
0.553106212425	0.568260038241	0.581963571746	0.595348837209	0.613201727329	0.616974169742
0.553106212425	0.572180451128	0.586512866016	0.584646670056	0.597402597403	0.606151537884
0.553106212425	0.552029520295	0.589895311789	0.607957559682	0.610936517913	0.610248447205
0.553106212425	0.563656970155	0.582323912068	0.584269662921	0.598142414861	0.615853658537
0.553106212425	0.562547966232	0.560526315789	0.58281573499	0.593769089798	0.608695652174
0.553106212425	0.570656370656	0.587715422006	0.596638655462	0.604218362283	0.604118993135
0.553106212425	0.559726962457	0.573568281938	0.588295165394	0.595209580838	0.616064848931
0.553106212425	0.566717791411	0.578899909829	0.580208333333	0.590308370044	0.610591900312
0.553106212425	0.578101071975	0.591244039879	0.590447154472	0.601667735728	0.619160728424
0.553106212425	0.564760793466	0.579389650597	0.580976863753	0.599876314162	0.61215303826
0.553106212425	0.566844919786	0.588182228236	0.591221575886	0.607929515419	0.616892911011
0.553106212425	0.567392134402	0.588028169014	0.60010188487	0.601212121212	0.604026845638
0.553106212425	0.565517241379	0.562308701355	0.573643410853	0.587360594796	0.607385079126
0.553106212425	0.555430289365	0.568439407149	0.577662337662	0.593692022263	0.592095451156
0.553106212425	0.565533053114	0.566854175682	0.576558603491	0.602307225258	0.605341246291
0.553106212425	0.570885594831	0.572046733016	0.574468085106	0.591163658992	0.608764940239
0.553106212425	0.586166471278	0.583954405962	0.595188284519	0.607563546187	0.609961685824
0.553106212425	0.559848484848	0.563492063492	0.588924387646	0.602739726027	0.605015673981
0.553106212425	0.567175572519	0.587204206836	0.595701125896	0.61214672279	0.610698365527
0.553106212425	0.580023139221	0.578786556089	0.59766615931	0.609785202864	0.613919413919
0.553106212425	0.567084758647	0.579273693534	0.60406885759	0.626884422111	0.637395912188
0.553106212425	0.567049808429	0.578291814947	0.594823032224	0.591671845867	0.603150787697
0.553106212425	0.566196108356	0.572953736655	0.588969823101	0.596165739023	0.608959757024
0.553106212425	0.555095900715	0.565274725275	0.577145866245	0.589646464646	0.604976671851
0.553106212425	0.575572519084	0.58137510879	0.592330978809	0.608749229821	0.620743034056
0.553106212425	0.573649436455	0.588287488909	0.603110888108	0.616933096507	0.630498533724
0.553106212425	0.550625711035	0.566577301162	0.589407446251	0.612702366127	0.637593984962
0.553106212425	0.569904761905	0.578734858681	0.577847439916	0.588087774295	0.606776989756
0.553106212425	0.559001512859	0.575878949711	0.590146750524	0.600750938673	0.605120248254
