0.552587081502	0.56826849733	0.577071704594	0.572441742655	0.597730138714	0.608359133127
0.552587081502	0.551443375278	0.576315789474	0.61312335958	0.625615763547	0.63353115727
0.552587081502	0.577197149644	0.59616284511	0.584455958549	0.604271356784	0.609480812641
0.552587081502	0.538041499818	0.562931034483	0.577689243028	0.585510688836	0.602620087336
0.552587081502	0.588096176587	0.588818755636	0.603073661897	0.613550815558	0.624113475177
0.552587081502	0.558633776091	0.569304766069	0.577181208054	0.612635609445	0.629773967264
0.552587081502	0.557077625571	0.564102564103	0.563872255489	0.59778597786	0.610743193525
0.552587081502	0.595814526057	0.59449370042	0.59188034188	0.604101926663	0.603524229075
0.552587081502	0.586316626889	0.606928406467	0.607915567282	0.609831985065	0.614349775785
0.552587081502	0.581404472342	0.592255125285	0.606801275239	0.625237793278	0.620583717358
0.552587081502	0.572213500785	0.58310626703	0.587987355111	0.59625	0.607518796992
0.552587081502	0.572224432949	0.596171376481	0.595041322314	0.611008039579	0.624145785877
0.552587081502	0.575168583895	0.603632976246	0.60413354531	0.606557377049	0.615015974441
0.552587081502	0.570873786408	0.590783410138	0.594080338266	0.582981291491	0.598378776713
0.552587081502	0.550132425274	0.556673960613	0.557851239669	0.572139303483	0.572748267898
0.552587081502	0.577831132453	0.569011576135	0.584234930448	0.6	0.614448669202
0.552587081502	0.563986409966	0.57021637675	0.579522862823	0.597014925373	0.611030478955
0.552587081502	0.571761960327	0.577217469608	0.593631948192	0.598258706468	0.608562691131
0.552587081502	0.547002220577	0.564551422319	0.585467851542	0.609911054638	0.60834670947
0.552587081502	0.586519511234	0.590989399293	0.616424116424	0.630136986301	0.629080118694
0.552587081502	0.577431906615	0.597461468722	0.603025560772	0.610294117647	0.626488095238
0.552587081502	0.569255404323	0.567912488605	0.576216216216	0.565217391304	0.583333333333
0.552587081502	0.578378378378	0.567418119949	0.596509240246	0.609118541033	0.62341536167
0.552587081502	0.556725146199	0.590994371482	0.600322754169	0.600384862091	0.609984399376
0.552587081502	0.587384491764	0.601237842617	0.592864637985	0.601857585139	0.602427921093
0.552587081502	0.552767527675	0.561089825458	0.575234336458	0.597495527728	0.628358208955
0.552587081502	0.567695961995	0.590467376215	0.596998332407	0.600258732212	0.613397901533
0.552587081502	0.568793235972	0.586831639417	0.603852160333	0.62960649594	0.625942684766
0.552587081502	0.599510603589	0.589350180505	0.59291084855	0.59786028949	0.615981380915
0.552587081502	0.593865030675	0.597566471384	0.599689280166	0.621704475782	0.631657914479
0.552587081502	0.564459930314	0.566681241801	0.589033942559	0.592729513247	0.594594594595
0.552587081502	0.562239878925	0.571428571429	0.584905660377	0.60382008626	0.609538002981
0.552587081502	0.574568288854	0.58273381295	0.5873340143	0.603631809643	0.613458528951
0.552587081502	0.556271314892	0.570400359874	0.586243386243	0.590143480973	0.61337432744
0.552587081502	0.549426138467	0.569355527102	0.602570694087	0.592145015106	0.604615384615
0.552587081502	0.5792	0.589454709329	0.5927067283	0.6038647343	0.617193240265
0.552587081502	0.57231726283	0.575583957691	0.585340314136	0.585244885307	0.590163934426
0.552587081502	0.589991928975	0.581992170509	0.591113330005	0.602176541717	0.60991857883
0.552587081502	0.560519282169	0.582462517038	0.606382978723	0.59127228027	0.613981762918
0.552587081502	0.560426991994	0.582462517038	0.581932773109	0.57936998147	0.586080586081
0.552587081502	0.54647256439	0.562102585841	0.579710144928	0.596904024768	0.625
0.552587081502	0.55959752322	0.5684870188	0.583957219251	0.600643086817	0.62
0.552587081502	0.556060606061	0.565938864629	0.581669226831	0.609955891619	0.605462822458
0.552587081502	0.584515605999	0.58329529895	0.591966173362	0.591304347826	0.59820089955
0.552587081502	0.551648351648	0.563333333333	0.577247888723	0.592946802152	0.612809315866
0.552587081502	0.583366180528	0.588078291815	0.585714285714	0.593712212817	0.596036585366
0.552587081502	0.566990291262	0.587105624143	0.596183599794	0.59793814433	0.624624624625
0.552587081502	0.562572646261	0.570428696413	0.584963954686	0.589728096677	0.592483419307
0.552587081502	0.568075117371	0.577656675749	0.596214511041	0.600619195046	0.61713419257
0.552587081502	0.587321063395	0.600189035917	0.593184238552	0.615861214374	0.623624358034
0.552587081502	0.563196311948	0.576376554174	0.590979782271	0.59681372549	0.607221812822
0.552587081502	0.598130841121	0.596215966774	0.60775862069	0.640204865557	0.636152055857
0.552587081502	0.559782608696	0.572341396623	0.578582844965	0.608365019011	0.613740458015
0.552587081502	0.57345971564	0.584239130435	0.606681034483	0.608099688474	0.611494252874
0.552587081502	0.567141208157	0.585605721949	0.599788806758	0.622889305816	0.607751937984
0.552587081502	0.559686888454	0.551664504972	0.562531904033	0.579962663348	0.595975232198
0.552587081502	0.561403508772	0.592625499778	0.58495266567	0.60350877193	0.633309506791
0.552587081502	0.580922595778	0.585695006748	0.608150470219	0.620689655172	0.63746223565
0.552587081502	0.570982839314	0.583783783784	0.608742004264	0.626521460602	0.614448669202
0.552587081502	0.554750095383	0.591883264934	0.601900739176	0.605031446541	0.599552572707
0.552587081502	0.55359157578	0.578761061947	0.592933947773	0.601113172542	0.607170099161
0.552587081502	0.560456273764	0.554607508532	0.559683011392	0.573996405033	0.594389689158
0.552587081502	0.55559772296	0.573920627998	0.593017196456	0.601494396015	0.613104524181
0.552587081502	0.576203740549	0.578090629125	0.59778597786	0.611076540137	0.622016936105
0.552587081502	0.568985619899	0.590163934426	0.591534391534	0.611735330836	0.616216216216
0.552587081502	0.563413670486	0.577119036591	0.588805166846	0.598848368522	0.611464968153
0.552587081502	0.591730228824	0.562472790596	0.583333333333	0.604828462516	0.620849420849
0.552587081502	0.566473988439	0.571814497974	0.599142550911	0.609911054638	0.610711430855
0.552587081502	0.56482569526	0.574977817214	0.585034013605	0.576947040498	0.602760736196
0.552587081502	0.561307901907	0.585912965455	0.594704684318	0.60720830788	0.623688155922
0.552587081502	0.570425282872	0.579042457091	0.587479935795	0.591836734694	0.608763693271
0.552587081502	0.558461538462	0.564012318522	0.601807549176	0.611940298507	0.619153674833
0.552587081502	0.58596214511	0.602954755309	0.587991718427	0.597873671044	0.607385079126
0.552587081502	0.56266768877	0.601503759398	0.615883306321	0.612738853503	0.601226993865
0.552587081502	0.556442417332	0.566915313734	0.571428571429	0.592729513247	0.604826546003
0.552587081502	0.560435289545	0.555998229305	0.573056994819	0.590570719603	0.618350038551
0.552587081502	0.581395348837	0.594768242313	0.591578947368	0.598630989421	0.6125
0.552587081502	0.548618993568	0.559092891409	0.579268292683	0.591922845087	0.606856309263
0.552587081502	0.570530451866	0.582677165354	0.588488434642	0.588235294118	0.605822187254
0.552587081502	0.583234008741	0.596256684492	0.5927067283	0.60739779364	0.620253164557
0.552587081502	0.580513656747	0.590536851683	0.592709984152	0.599129894344	0.614457831325
0.552587081502	0.565586419753	0.577956989247	0.598484848485	0.607482561826	0.61215303826
0.552587081502	0.558245083207	0.592964824121	0.597243491577	0.595873786408	0.609090909091
0.552587081502	0.554417899128	0.548596112311	0.58156779661	0.589855979962	0.61115355233
0.552587081502	0.555513737298	0.569041336851	0.585494970884	0.598984771574	0.59756097561
0.552587081502	0.560805577072	0.560559685177	0.578840284842	0.60393603936	0.598518518519
0.552587081502	0.565864833906	0.569822741029	0.570117287098	0.577533577534	0.592534992224
0.552587081502	0.594900849858	0.592625899281	0.601279317697	0.609463722397	0.608424336973
0.552587081502	0.564914992272	0.564653243848	0.59727520436	0.607097591888	0.601092896175
0.552587081502	0.5625	0.59649122807	0.607422895975	0.609638554217	0.608825729245
0.552587081502	0.590872698159	0.6	0.596094552929	0.617268830374	0.611315209405
0.552587081502	0.567996900426	0.578055307761	0.609898882384	0.630769230769	0.634367903104
0.552587081502	0.558734939759	0.580296896086	0.588607594937	0.590143480973	0.604087812263
0.552587081502	0.573223400079	0.576225045372	0.576530612245	0.588595953403	0.621495327103
0.552587081502	0.554290053151	0.555800617556	0.578133333333	0.580928481807	0.601701469451
0.552587081502	0.577934825285	0.588340807175	0.590700051099	0.611632270169	0.618296529968
0.552587081502	0.574234092694	0.595314653192	0.602851323829	0.619532654284	0.631734317343
0.552587081502	0.542589118199	0.562639322336	0.583596214511	0.605686032138	0.634513941221
0.552587081502	0.565804708607	0.579816513761	0.571128608924	0.586513994911	0.596573208723
0.552587081502	0.568972254787	0.574943052392	0.595835557928	0.598236775819	0.605200945626
