0.659217877095	0.666256157635	0.678620689655	0.674679487179	0.681381957774	0.672131147541
0.659217877095	0.686298076923	0.685990338164	0.701257861635	0.712230215827	0.708245243129
0.659217877095	0.662145499383	0.675580577058	0.671497584541	0.682745825603	0.685205784205
0.659217877095	0.673581452105	0.674450549451	0.68691588785	0.687442713107	0.699465240642
0.659217877095	0.68115942029	0.688813559322	0.690513219285	0.692592592593	0.694570135747
0.659217877095	0.686310620012	0.689750692521	0.686322686323	0.684512428298	0.690992018244
0.659217877095	0.679058240397	0.688935281837	0.686305732484	0.696363636364	0.703862660944
0.659217877095	0.678196417542	0.675656493967	0.688498402556	0.688644688645	0.690170940171
0.659217877095	0.689279224712	0.690179806362	0.67874015748	0.67525298988	0.669574700109
0.659217877095	0.680877742947	0.669527896996	0.675324675325	0.694852941176	0.679162072767
0.659217877095	0.67202970297	0.677942212826	0.680611423974	0.687559354226	0.707317073171
0.659217877095	0.675110829639	0.681912681913	0.679425837321	0.685340802988	0.691275167785
0.659217877095	0.671660424469	0.675524475524	0.681055155875	0.683568075117	0.675144508671
0.659217877095	0.667517549458	0.687455705174	0.682730923695	0.677966101695	0.678375411636
0.659217877095	0.669969040248	0.683298683299	0.673107890499	0.660952380952	0.666666666667
0.659217877095	0.664584634603	0.672210672211	0.679275019701	0.681440443213	0.67706013363
0.659217877095	0.676773802304	0.683389830508	0.687058823529	0.695573622403	0.694054054054
0.659217877095	0.68024691358	0.683844011142	0.682769726248	0.69926199262	0.697267759563
0.659217877095	0.672445820433	0.682336182336	0.669887278583	0.688867745005	0.696576151122
0.659217877095	0.685990338164	0.685135135135	0.697318007663	0.700900900901	0.70182992465
0.659217877095	0.679291386683	0.680055401662	0.689048760991	0.701011959522	0.700650759219
0.659217877095	0.669187145558	0.67	0.676446617767	0.686103012634	0.686774941995
0.659217877095	0.67154174284	0.691358024691	0.695993715632	0.706726457399	0.703506907545
0.659217877095	0.680399500624	0.672364672365	0.696920583468	0.699327569645	0.700460829493
0.659217877095	0.683855125844	0.688524590164	0.702962369896	0.711320754717	0.711516533637
0.659217877095	0.661791590494	0.671261199173	0.684782608696	0.704525288376	0.704255319149
0.659217877095	0.671595810228	0.669902912621	0.667782426778	0.658846529814	0.674612634088
0.659217877095	0.677146311971	0.690476190476	0.688854489164	0.693476318141	0.704103671706
0.659217877095	0.677459526775	0.672689367616	0.684596577017	0.697332106716	0.717318435754
0.659217877095	0.663727959698	0.669889502762	0.689221085759	0.693548387097	0.703506907545
0.659217877095	0.677540777917	0.665712240515	0.685258964143	0.686980609418	0.682926829268
0.659217877095	0.675276752768	0.685556323428	0.684843624699	0.682070240296	0.685456595265
0.659217877095	0.665456745312	0.673654786862	0.685579196217	0.690114068441	0.683661645423
0.659217877095	0.669993761697	0.683724235963	0.692307692308	0.691499522445	0.693970420933
0.659217877095	0.680615384615	0.681081081081	0.683602771363	0.695167286245	0.694665153235
0.659217877095	0.670303030303	0.689516129032	0.685982772122	0.696202531646	0.692640692641
0.659217877095	0.672489082969	0.683098591549	0.686495176849	0.68330134357	0.676537585421
0.659217877095	0.675015654352	0.687327823691	0.693436293436	0.706306306306	0.704016913319
0.659217877095	0.684210526316	0.686192468619	0.686166007905	0.683729433272	0.696604600219
0.659217877095	0.683698296837	0.688614540466	0.697452229299	0.697332106716	0.696216216216
0.659217877095	0.686002522068	0.677556818182	0.683209263854	0.671128107075	0.695259593679
0.659217877095	0.672467371038	0.682336182336	0.679465776294	0.682879377432	0.698768197088
0.659217877095	0.662878787879	0.668567355666	0.660728744939	0.691729323308	0.690423162584
0.659217877095	0.666666666667	0.671388101983	0.678972712681	0.687615526802	0.685840707965
0.659217877095	0.67447595561	0.686261107314	0.696272799366	0.707070707071	0.710920770878
0.659217877095	0.680073126143	0.672108843537	0.6734375	0.674632352941	0.682379349046
0.659217877095	0.673341677096	0.66334519573	0.661341853035	0.661126500462	0.666666666667
0.659217877095	0.668753913588	0.681210415201	0.676703645008	0.68540344515	0.684153005464
0.659217877095	0.665844636252	0.66196189132	0.679810725552	0.668576886342	0.691275167785
0.659217877095	0.668326073429	0.678545972915	0.68074735987	0.688827331487	0.684841875682
0.659217877095	0.658720200753	0.660070671378	0.682316118936	0.681238615665	0.682608695652
0.659217877095	0.673992673993	0.678770949721	0.687155240347	0.693989071038	0.694597574421
0.659217877095	0.666253869969	0.67133847232	0.669918699187	0.68720821662	0.692810457516
0.659217877095	0.66049382716	0.672328379335	0.69391025641	0.700636942675	0.705494505495
0.659217877095	0.670031545741	0.68487394958	0.6848	0.683966635774	0.672811059908
0.659217877095	0.662468513854	0.670859538784	0.667203867849	0.670542635659	0.662020905923
0.659217877095	0.682721252258	0.699108978753	0.699236641221	0.711623779947	0.72860125261
0.659217877095	0.68173488088	0.685121107266	0.689928628073	0.683333333333	0.69696969697
0.659217877095	0.68379204893	0.698412698413	0.709881422925	0.715083798883	0.713812154696
0.659217877095	0.664136622391	0.673582295989	0.691472868217	0.69391462307	0.675438596491
0.659217877095	0.673886883273	0.675487465181	0.686427457098	0.693504117109	0.6875
0.659217877095	0.665015479876	0.674063800277	0.6887835703	0.697674418605	0.716049382716
0.659217877095	0.659190031153	0.685478320716	0.687847498014	0.697110904007	0.701388888889
0.659217877095	0.670776818742	0.679782903664	0.68441660141	0.691176470588	0.694896851249
0.659217877095	0.67202970297	0.681976339596	0.675784392599	0.677871148459	0.684869169511
0.659217877095	0.68167604753	0.679351656096	0.677367576244	0.696378830084	0.688561721404
0.659217877095	0.673170731707	0.681118881119	0.678132678133	0.680154142582	0.7
0.659217877095	0.671623296159	0.682137834037	0.687948922586	0.690364826941	0.672093023256
0.659217877095	0.669962917182	0.686398872445	0.678132678133	0.684824902724	0.695652173913
0.659217877095	0.66957605985	0.691034482759	0.695785440613	0.702166064982	0.708609271523
0.659217877095	0.680564071122	0.676470588235	0.678217821782	0.679316888046	0.688561721404
0.659217877095	0.674143302181	0.674125874126	0.686084142395	0.685714285714	0.690344062153
0.659217877095	0.675136116152	0.680526680527	0.678288431062	0.677150786309	0.676117775354
0.659217877095	0.684242795831	0.678770949721	0.681318681319	0.695810564663	0.700552486188
0.659217877095	0.667493796526	0.685556323428	0.685348278623	0.690298507463	0.70548712206
0.659217877095	0.6632718014	0.683381088825	0.684640522876	0.703564727955	0.699551569507
0.659217877095	0.664169787765	0.672676837725	0.671009771987	0.68270120259	0.692482915718
0.659217877095	0.680745341615	0.668571428571	0.680032076985	0.685185185185	0.684039087948
0.659217877095	0.665018541409	0.669029057406	0.6886035313	0.697282099344	0.690826727067
0.659217877095	0.66375	0.684320557491	0.684975767367	0.690453230473	0.702764976959
0.659217877095	0.667936507937	0.680820948337	0.692493946731	0.691658856607	0.692477876106
0.659217877095	0.677300613497	0.682892906815	0.674718196457	0.680890538033	0.681465038846
0.659217877095	0.672805402087	0.680167597765	0.670373312153	0.668544600939	0.668934240363
0.659217877095	0.662492172824	0.67139815472	0.678629690049	0.675623800384	0.676307007786
0.659217877095	0.68198757764	0.7	0.700896495518	0.702290076336	0.711211778029
0.659217877095	0.667915106117	0.670422535211	0.676213206046	0.691042047532	0.701212789416
0.659217877095	0.689987937274	0.698564593301	0.690533015115	0.685236768802	0.683602771363
0.659217877095	0.665832290363	0.671777003484	0.680064308682	0.680890538033	0.679545454545
0.659217877095	0.665425201738	0.657670454545	0.678076609617	0.677150786309	0.696864111498
0.659217877095	0.68198757764	0.687845303867	0.695379796398	0.705882352941	0.700650759219
0.659217877095	0.673899939723	0.672972972973	0.68465690054	0.685663401603	0.689581095596
0.659217877095	0.66244458518	0.667611622962	0.67665615142	0.687160940325	0.698212407992
0.659217877095	0.67875	0.692361597758	0.698464025869	0.696226415094	0.700680272109
0.659217877095	0.681761006289	0.691091954023	0.694942903752	0.706448508181	0.70871559633
0.659217877095	0.678217821782	0.669039145907	0.679307502061	0.684719535783	0.706697459584
0.659217877095	0.671623296159	0.682825484765	0.673616680032	0.686980609418	0.690344062153
0.659217877095	0.695167286245	0.684285714286	0.686258935663	0.703535811423	0.70704845815
0.659217877095	0.682896379526	0.682114409848	0.686371100164	0.705660377358	0.716319824754
0.659217877095	0.668730650155	0.664768683274	0.679153094463	0.677606177606	0.684516880093
0.659217877095	0.66125	0.683168316832	0.685667752443	0.683111954459	0.702031602709
