0.635866261398	0.653947368421	0.666183924692	0.665526090676	0.665322580645	0.658536585366
0.635866261398	0.658360655738	0.659808963997	0.668890742285	0.682600382409	0.673492605233
0.635866261398	0.633582596873	0.656465187452	0.649825783972	0.661985957874	0.663518299882
0.635866261398	0.652058432935	0.663197026022	0.659898477157	0.666011787819	0.672018348624
0.635866261398	0.656638325703	0.66124260355	0.66609735269	0.662674650699	0.673218673219
0.635866261398	0.655033557047	0.658035034273	0.667256637168	0.675537359263	0.669938650307
0.635866261398	0.641129032258	0.654247391952	0.662660944206	0.669314796425	0.677494199536
0.635866261398	0.645637583893	0.652599849284	0.661525278492	0.662745098039	0.661308840413
0.635866261398	0.65057008719	0.652108433735	0.649703138253	0.652900688299	0.644935972061
0.635866261398	0.639946559786	0.654735272185	0.656436487639	0.669912366115	0.670533642691
0.635866261398	0.651289009498	0.663133989402	0.653913043478	0.671385237614	0.673758865248
0.635866261398	0.648432288192	0.665684830633	0.667226890756	0.666015625	0.665882352941
0.635866261398	0.636302746149	0.666167664671	0.664395229983	0.664640324215	0.665012406948
0.635866261398	0.647849462366	0.666168782674	0.658141517477	0.657286432161	0.654970760234
0.635866261398	0.638814016173	0.650492797574	0.650220264317	0.640495867769	0.644194756554
0.635866261398	0.638440860215	0.645112781955	0.658599827139	0.655172413793	0.652962515115
0.635866261398	0.650298606503	0.659340659341	0.65820642978	0.672549019608	0.67753201397
0.635866261398	0.636363636364	0.652663165791	0.662020905923	0.676737160121	0.677764565993
0.635866261398	0.64796259185	0.655487804878	0.648601398601	0.665293511843	0.683480453972
0.635866261398	0.661005878511	0.663729809104	0.678275290216	0.686481303931	0.684807256236
0.635866261398	0.639464882943	0.658227848101	0.656971770744	0.659470068695	0.668213457077
0.635866261398	0.642521797451	0.651942117289	0.659030837004	0.670190274841	0.674242424242
0.635866261398	0.653114754098	0.66715542522	0.675562969141	0.685114503817	0.683201803833
0.635866261398	0.646860229575	0.664150943396	0.678915135608	0.666666666667	0.665024630542
0.635866261398	0.648504983389	0.658925979681	0.664365832614	0.675510204082	0.669962917182
0.635866261398	0.636424282855	0.652663165791	0.650379106992	0.664717348928	0.668197474168
0.635866261398	0.639621365788	0.64696969697	0.652134423252	0.668085106383	0.672750977836
0.635866261398	0.654426229508	0.672910662824	0.677631578947	0.680529300567	0.696759259259
0.635866261398	0.641025641026	0.644194756554	0.657848324515	0.67472306143	0.686131386861
0.635866261398	0.642808912897	0.652849740933	0.657021276596	0.666666666667	0.67663981588
0.635866261398	0.655080213904	0.660633484163	0.665537679932	0.665358194308	0.667455621302
0.635866261398	0.634048257373	0.651021953066	0.660777385159	0.656534954407	0.660954712362
0.635866261398	0.649298597194	0.649468892261	0.660457239627	0.668693009119	0.663414634146
0.635866261398	0.652434956638	0.662026295437	0.670785525154	0.67695473251	0.673218673219
0.635866261398	0.647058823529	0.653031409788	0.663900414938	0.666666666667	0.665024630542
0.635866261398	0.63775850567	0.654438738078	0.654911838791	0.649706457926	0.658079625293
0.635866261398	0.638497652582	0.660633484163	0.656946826758	0.643962848297	0.637931034483
0.635866261398	0.642905178211	0.669603524229	0.675431388661	0.68958930277	0.692395005675
0.635866261398	0.658261446583	0.65873605948	0.667782426778	0.671952428147	0.680142687277
0.635866261398	0.653896961691	0.649700598802	0.660899653979	0.669346733668	0.659649122807
0.635866261398	0.659959758551	0.666666666667	0.668983492615	0.655967903711	0.68727705113
0.635866261398	0.652645861601	0.657385924207	0.661304736372	0.651452282158	0.665077473182
0.635866261398	0.640593391773	0.653243847875	0.655202063629	0.661971830986	0.671394799054
0.635866261398	0.640161725067	0.664110429448	0.666085440279	0.659206510682	0.664242424242
0.635866261398	0.650363516193	0.662739322533	0.671163575042	0.684108527132	0.699428571429
0.635866261398	0.646864686469	0.647407407407	0.658291457286	0.663346613546	0.665030674847
0.635866261398	0.642424242424	0.647547169811	0.652613827993	0.646365422397	0.647953216374
0.635866261398	0.644816053512	0.646037735849	0.65755764304	0.661386138614	0.672189349112
0.635866261398	0.645247657296	0.651515151515	0.661590524535	0.660606060606	0.676959619952
0.635866261398	0.647887323944	0.658573596358	0.667232597623	0.679133858268	0.68275862069
0.635866261398	0.634473507713	0.646084337349	0.648054145516	0.654187192118	0.6565774156
0.635866261398	0.643844634628	0.652303120357	0.6543313709	0.65756097561	0.649880095923
0.635866261398	0.647178789939	0.649769585253	0.656663724625	0.669346733668	0.668229777257
0.635866261398	0.64390896921	0.653643876784	0.678023850085	0.681274900398	0.693779904306
0.635866261398	0.645033112583	0.657797487066	0.670050761421	0.678988326848	0.661764705882
0.635866261398	0.640973630832	0.645112781955	0.643356643357	0.638164754953	0.637717121588
0.635866261398	0.658441558442	0.66908563135	0.679770679771	0.688151658768	0.70704845815
0.635866261398	0.650634602538	0.662623199393	0.665526090676	0.667988107037	0.686182669789
0.635866261398	0.65016722408	0.6626776365	0.673400673401	0.686	0.696385542169
0.635866261398	0.638472032742	0.647951441578	0.667238421955	0.675916749257	0.66902237927
0.635866261398	0.645076007931	0.656319290466	0.663914120562	0.673151750973	0.677033492823
0.635866261398	0.636968085106	0.659259259259	0.675862068966	0.69028340081	0.701711491443
0.635866261398	0.645161290323	0.657185628743	0.66609735269	0.688193743693	0.686346863469
0.635866261398	0.645030425963	0.65641025641	0.670016750419	0.67578125	0.67365967366
0.635866261398	0.643048128342	0.656782802076	0.653482373173	0.668656716418	0.679611650485
0.635866261398	0.64367816092	0.645896656535	0.644038294169	0.653225806452	0.665850673195
0.635866261398	0.655780535598	0.657077971234	0.659070990359	0.659160696008	0.678007290401
0.635866261398	0.643142476698	0.657575757576	0.659246575342	0.661354581673	0.65671641791
0.635866261398	0.657681940701	0.65914221219	0.652136006975	0.659067357513	0.670776818742
0.635866261398	0.65464261857	0.659226190476	0.666115702479	0.667953667954	0.67211201867
0.635866261398	0.654714475432	0.645550527903	0.662555066079	0.665981500514	0.673939393939
0.635866261398	0.644897959184	0.667664670659	0.670658682635	0.676441837732	0.682188591385
0.635866261398	0.650825082508	0.649331352155	0.649196956889	0.646123260437	0.661233993015
0.635866261398	0.656992084433	0.64880952381	0.659322033898	0.659427443238	0.657863145258
0.635866261398	0.645375914837	0.657290895633	0.667235494881	0.674674674675	0.680239520958
0.635866261398	0.648648648649	0.652241112828	0.663148636763	0.67472306143	0.671462829736
0.635866261398	0.646423751687	0.649253731343	0.65331010453	0.655310621242	0.669950738916
0.635866261398	0.64333781965	0.648401826484	0.662045060659	0.669960474308	0.669005847953
0.635866261398	0.649263721553	0.659558263519	0.663770634231	0.665310274669	0.661835748792
0.635866261398	0.636	0.656826568266	0.659722222222	0.663900414938	0.682266009852
0.635866261398	0.642515379357	0.651942117289	0.670138888889	0.669346733668	0.656361474435
0.635866261398	0.659136212625	0.658573596358	0.658472344162	0.657258064516	0.648390941597
0.635866261398	0.649193548387	0.661665416354	0.656996587031	0.645875251509	0.657863145258
0.635866261398	0.641383898869	0.645454545455	0.661389621812	0.654358974359	0.654589371981
0.635866261398	0.648210668467	0.664139499621	0.671316477768	0.672081218274	0.682926829268
0.635866261398	0.647218453189	0.65306122449	0.657580919932	0.659470068695	0.665088757396
0.635866261398	0.662269129288	0.664156626506	0.660839160839	0.658436213992	0.653992395437
0.635866261398	0.638241172552	0.652971386647	0.65926558497	0.656126482213	0.660264105642
0.635866261398	0.645293315143	0.646967340591	0.663693131133	0.668020304569	0.670012547051
0.635866261398	0.652815013405	0.669167291823	0.684745762712	0.695568400771	0.692671394799
0.635866261398	0.646357615894	0.649408284024	0.67	0.675649663138	0.683602771363
0.635866261398	0.639464882943	0.654163540885	0.661551577153	0.680311890838	0.685520361991
0.635866261398	0.640593391773	0.661106899166	0.667823070252	0.668020304569	0.672289156627
0.635866261398	0.653665097512	0.665637065637	0.672504378284	0.678314491264	0.681536555143
0.635866261398	0.639344262295	0.645865834633	0.657193605684	0.652083333333	0.670792079208
0.635866261398	0.648037258816	0.654247391952	0.651553316541	0.6614481409	0.669879518072
0.635866261398	0.661764705882	0.667678300455	0.675607711651	0.692456479691	0.697566628042
0.635866261398	0.655715263518	0.673929961089	0.677876106195	0.687312687313	0.691415313225
0.635866261398	0.636241610738	0.639016897081	0.645796064401	0.640509013786	0.650632911392
0.635866261398	0.646071188717	0.660091047041	0.666086956522	0.662601626016	0.662561576355
