0.714833059661	0.725075528701	0.724346076459	0.717748240813	0.705772811918	0.71186440678
0.714833059661	0.718411552347	0.719131614654	0.715497301465	0.737302977233	0.738045738046
0.714833059661	0.70487804878	0.70900209351	0.710087370929	0.719703977798	0.713656387665
0.714833059661	0.705174488568	0.711841204654	0.711284046693	0.718637992832	0.725344644751
0.714833059661	0.717857142857	0.724715338245	0.723602484472	0.730072463768	0.733556298774
0.714833059661	0.724923076923	0.726768377254	0.715670436187	0.716026241799	0.714606741573
0.714833059661	0.71970624235	0.721355932203	0.717748240813	0.714025500911	0.72688172043
0.714833059661	0.721786360893	0.726279863481	0.723470178156	0.731793960924	0.727083333333
0.714833059661	0.723404255319	0.726158038147	0.723897911833	0.723518850987	0.705882352941
0.714833059661	0.723247232472	0.728789986092	0.73058637084	0.728921124207	0.720173535792
0.714833059661	0.718104495747	0.72049689441	0.724273369992	0.733089579525	0.731019522777
0.714833059661	0.716472749541	0.707399864223	0.708722741433	0.713768115942	0.733118971061
0.714833059661	0.716034271726	0.731972789116	0.728694292416	0.72710453284	0.718066743383
0.714833059661	0.715083798883	0.726132404181	0.720820189274	0.712177121771	0.714747039828
0.714833059661	0.70300061237	0.697260273973	0.696202531646	0.691148775895	0.690285714286
0.714833059661	0.706748466258	0.710926694329	0.717039321511	0.718637992832	0.710869565217
0.714833059661	0.721850273889	0.722484807562	0.726283048212	0.717488789238	0.716289104639
0.714833059661	0.728615384615	0.724137931034	0.72076372315	0.723915050785	0.725274725275
0.714833059661	0.719156850589	0.72	0.701612903226	0.720602069614	0.722415795587
0.714833059661	0.712727272727	0.719146097398	0.719271623672	0.729020979021	0.734989648033
0.714833059661	0.708410067526	0.714576271186	0.707909162099	0.710669077758	0.708779443255
0.714833059661	0.708436724566	0.708303761533	0.714636140638	0.71469740634	0.706018518519
0.714833059661	0.723582089552	0.717494894486	0.724884080371	0.730666666667	0.732984293194
0.714833059661	0.721393034826	0.724233983287	0.737678855326	0.732766761095	0.736607142857
0.714833059661	0.726829268293	0.731413261889	0.73482428115	0.715750232992	0.712172923777
0.714833059661	0.70145631068	0.712627986348	0.727828746177	0.73339238264	0.726890756303
0.714833059661	0.716564417178	0.708333333333	0.708713692946	0.704724409449	0.712589073634
0.714833059661	0.709090909091	0.723517654897	0.715057915058	0.727272727273	0.733403582719
0.714833059661	0.727495407226	0.724279835391	0.716009654063	0.720221606648	0.735555555556
0.714833059661	0.707257072571	0.713220338983	0.726851851852	0.720848056537	0.723670490094
0.714833059661	0.718673218673	0.716666666667	0.717306186374	0.72036199095	0.718954248366
0.714833059661	0.718730933496	0.711538461538	0.722929936306	0.728767123288	0.732083792723
0.714833059661	0.718730933496	0.718836565097	0.722178988327	0.731301939058	0.71702367531
0.714833059661	0.713768115942	0.719776380154	0.727418065548	0.729147141518	0.732960893855
0.714833059661	0.720677146312	0.715436241611	0.70987654321	0.70802919708	0.719457013575
0.714833059661	0.722289890378	0.718433490885	0.718105423988	0.71543264942	0.721627408994
0.714833059661	0.710189139719	0.722412611378	0.716300940439	0.71828358209	0.710407239819
0.714833059661	0.72131147541	0.719569603228	0.72218016654	0.728558797524	0.730325288562
0.714833059661	0.707692307692	0.711934156379	0.718628215121	0.714808043876	0.714285714286
0.714833059661	0.72057936029	0.710115410726	0.708722741433	0.71260199456	0.71746031746
0.714833059661	0.724458204334	0.714975845411	0.714865962632	0.71375464684	0.727474972191
0.714833059661	0.724890829694	0.72268907563	0.719341563786	0.722222222222	0.729463307777
0.714833059661	0.713574097136	0.711911357341	0.703349282297	0.709259259259	0.714443219405
0.714833059661	0.710382513661	0.727023319616	0.732549019608	0.724294813467	0.722707423581
0.714833059661	0.724159021407	0.731575388776	0.733178654292	0.734657039711	0.740273396425
0.714833059661	0.721271393643	0.714188730482	0.716030534351	0.715315315315	0.719200887902
0.714833059661	0.716183574879	0.720994475138	0.714946070878	0.707581227437	0.70792616721
0.714833059661	0.714814814815	0.71546961326	0.712392829306	0.714932126697	0.714912280702
0.714833059661	0.70802919708	0.700770847933	0.722135007849	0.714948932219	0.72885032538
0.714833059661	0.714987714988	0.704895104895	0.720379146919	0.730873087309	0.73396424816
0.714833059661	0.718922229026	0.711141678129	0.705701078582	0.704525288376	0.708644610459
0.714833059661	0.719710669078	0.712737127371	0.709976798144	0.722763507529	0.723127035831
0.714833059661	0.715151515152	0.706787963611	0.709359605911	0.720754716981	0.719298245614
0.714833059661	0.713667285096	0.715083798883	0.720634920635	0.717431192661	0.723640399556
0.714833059661	0.717004297115	0.717109747785	0.724592707525	0.724452554745	0.717194570136
0.714833059661	0.721088435374	0.715862068966	0.709728867624	0.709004739336	0.701357466063
0.714833059661	0.716545012165	0.72157930565	0.731595092025	0.750220653133	0.767321613237
0.714833059661	0.705953096813	0.725423728814	0.737085582113	0.737793851718	0.742489270386
0.714833059661	0.722564734895	0.731271477663	0.732015810277	0.741013824885	0.744751381215
0.714833059661	0.714373843307	0.711446196025	0.720187061574	0.728767123288	0.71444082519
0.714833059661	0.709323583181	0.720867208672	0.719391634981	0.715184186882	0.71017699115
0.714833059661	0.720930232558	0.7081604426	0.714057507987	0.720450281426	0.730769230769
0.714833059661	0.724602203182	0.724814063556	0.742902208202	0.735779816514	0.736961451247
0.714833059661	0.718108276291	0.720647773279	0.722093918399	0.732727272727	0.734561213434
0.714833059661	0.706025562995	0.718125430737	0.720506730008	0.714285714286	0.732960893855
0.714833059661	0.71567436209	0.715659340659	0.71818891491	0.71766848816	0.71875
0.714833059661	0.722862340813	0.719225449516	0.730031948882	0.732261116367	0.740157480315
0.714833059661	0.726052471019	0.725034199726	0.725118483412	0.731439046746	0.716247139588
0.714833059661	0.718165359083	0.721467391304	0.717581543357	0.722483537159	0.728285077951
0.714833059661	0.715151515152	0.716747070986	0.711969111969	0.726780883679	0.725877192982
0.714833059661	0.716273442226	0.713990351482	0.713940370669	0.707897240723	0.711409395973
0.714833059661	0.721573448064	0.725409836066	0.73109898675	0.728584310189	0.740343347639
0.714833059661	0.718787878788	0.719619823489	0.72294704528	0.721818181818	0.72885032538
0.714833059661	0.730861244019	0.720867208672	0.726153846154	0.727762803235	0.73022751896
0.714833059661	0.716636197441	0.69696969697	0.703645007924	0.717808219178	0.729490022173
0.714833059661	0.719851576994	0.724719101124	0.726984126984	0.729605866178	0.72967032967
0.714833059661	0.730864197531	0.725409836066	0.71811023622	0.711433756806	0.728682170543
0.714833059661	0.706822372465	0.719334719335	0.722397476341	0.725114155251	0.731182795699
0.714833059661	0.718882817243	0.707112970711	0.7152	0.717370892019	0.703786191537
0.714833059661	0.708180708181	0.719946272666	0.729708431836	0.727962085308	0.727688787185
0.714833059661	0.702939337086	0.706206896552	0.723945902944	0.725092250923	0.722524483134
0.714833059661	0.723740133576	0.722991689751	0.727707006369	0.726770929163	0.719565217391
0.714833059661	0.728048780488	0.730717185386	0.734662576687	0.715462031107	0.72647702407
0.714833059661	0.703635243376	0.6918767507	0.7056	0.708955223881	0.713347921225
0.714833059661	0.712600869025	0.722106722107	0.721439749609	0.724233983287	0.743929359823
0.714833059661	0.705373687461	0.707333790267	0.713057075841	0.718132854578	0.722994652406
0.714833059661	0.719710669078	0.718918918919	0.713057075841	0.698529411765	0.71186440678
0.714833059661	0.722087378641	0.729838709677	0.715179968701	0.719060523939	0.718232044199
0.714833059661	0.715972653822	0.721518987342	0.723684210526	0.731662024141	0.730375426621
0.714833059661	0.713043478261	0.725274725275	0.724842767296	0.73851590106	0.7343412527
0.714833059661	0.722862340813	0.712121212121	0.724481964697	0.721830985915	0.72921108742
0.714833059661	0.712111990262	0.705882352941	0.705069124424	0.702166064982	0.718002081165
0.714833059661	0.717121588089	0.719554627697	0.727564102564	0.734770384255	0.742152466368
0.714833059661	0.71473354232	0.709677419355	0.714859437751	0.724692526017	0.729119638826
0.714833059661	0.715437073776	0.720392431675	0.713478611784	0.710351377018	0.716384180791
0.714833059661	0.723274282224	0.723549488055	0.716744913928	0.719038817006	0.724252491694
0.714833059661	0.725478099938	0.734722222222	0.74006116208	0.750889679715	0.750802139037
0.714833059661	0.719696969697	0.725968436155	0.735317779566	0.746543778802	0.751082251082
0.714833059661	0.717233009709	0.707778556412	0.709519934906	0.712380952381	0.709090909091
0.714833059661	0.712615384615	0.716955017301	0.727418065548	0.724556489262	0.728310502283
