0.601726263872	0.608053691275	0.637893196781	0.657190635452	0.666001994018	0.666666666667
0.601726263872	0.618014464168	0.645588235294	0.658395368073	0.667931688805	0.67869222097
0.601726263872	0.610469068661	0.648275862069	0.643658326143	0.669960474308	0.639618138425
0.601726263872	0.618857901726	0.632516703786	0.662761506276	0.66862745098	0.689189189189
0.601726263872	0.623102310231	0.634544106746	0.651839178785	0.666666666667	0.68502994012
0.601726263872	0.61736770692	0.649885583524	0.662116040956	0.667992047714	0.670644391408
0.601726263872	0.621530128639	0.654191616766	0.667231160034	0.674373795761	0.684563758389
0.601726263872	0.625668449198	0.621519939804	0.63891248938	0.666019417476	0.6598407281
0.601726263872	0.622041920216	0.646084337349	0.644725738397	0.639134709931	0.642032332564
0.601726263872	0.604365620737	0.635416666667	0.648194794291	0.666666666667	0.667433831991
0.601726263872	0.634445200817	0.644194756554	0.648370497427	0.679435483871	0.69544924154
0.601726263872	0.623914495658	0.655449890271	0.646766169154	0.662790697674	0.669005847953
0.601726263872	0.621983914209	0.648729446936	0.663829787234	0.659296482412	0.656862745098
0.601726263872	0.62138533961	0.64338781575	0.647457627119	0.648166501487	0.668989547038
0.601726263872	0.623655913978	0.63133989402	0.651762682717	0.646464646465	0.635265700483
0.601726263872	0.624416277518	0.635276532138	0.650582362729	0.648862512364	0.681446907818
0.601726263872	0.608811748999	0.643326039387	0.639669421488	0.672332389046	0.683741648107
0.601726263872	0.614860259032	0.64406779661	0.652542372881	0.689520078355	0.698048220436
0.601726263872	0.606267029973	0.637127578304	0.633975481611	0.676229508197	0.689223057644
0.601726263872	0.624916722185	0.63976083707	0.648379052369	0.667938931298	0.675767918089
0.601726263872	0.620643431635	0.63403944485	0.651399491094	0.658252427184	0.673515981735
0.601726263872	0.62243502052	0.635384615385	0.653379549393	0.672839506173	0.682986536108
0.601726263872	0.627937336815	0.648609077599	0.663879598662	0.670498084291	0.68085106383
0.601726263872	0.625170998632	0.64447806354	0.679085520745	0.689378757515	0.7
0.601726263872	0.618791946309	0.642028985507	0.668936170213	0.699203187251	0.704898446834
0.601726263872	0.632490013316	0.624523990861	0.645215918713	0.678095238095	0.694196428571
0.601726263872	0.628378378378	0.631897203326	0.657013574661	0.654048370137	0.67680608365
0.601726263872	0.631718646317	0.641099855282	0.667760459393	0.66604303087	0.694475760992
0.601726263872	0.6186267845	0.645353159851	0.671256454389	0.666666666667	0.691943127962
0.601726263872	0.621712744437	0.614929785661	0.655405405405	0.668587896254	0.667413213886
0.601726263872	0.620550705171	0.633233532934	0.645484949833	0.660902977906	0.680603948897
0.601726263872	0.628110289173	0.650602409639	0.658578856153	0.662013958126	0.671515151515
0.601726263872	0.610697359513	0.646879756469	0.654173764906	0.657229524772	0.671497584541
0.601726263872	0.616419919246	0.657407407407	0.661959399823	0.674180327869	0.6723095526
0.601726263872	0.63829787234	0.651094890511	0.672171758877	0.679841897233	0.685990338164
0.601726263872	0.619851451722	0.640590405904	0.649458784346	0.65	0.677345537757
0.601726263872	0.609938733833	0.645209580838	0.663837011885	0.663316582915	0.666666666667
0.601726263872	0.618598382749	0.660294117647	0.65671641791	0.690702087287	0.701442841287
0.601726263872	0.645460569914	0.649738610904	0.664987405542	0.678328474247	0.685185185185
0.601726263872	0.618821936357	0.64880952381	0.661641541039	0.692682926829	0.690045248869
0.601726263872	0.634212305612	0.639344262295	0.653448275862	0.655478775913	0.684516880093
0.601726263872	0.637482900137	0.647104247104	0.64907651715	0.664646464646	0.693115519253
0.601726263872	0.612576064909	0.633233532934	0.652323580034	0.656626506024	0.693830034924
0.601726263872	0.616835016835	0.652725914862	0.655680832611	0.673247778875	0.689492325856
0.601726263872	0.612382234186	0.648327137546	0.663829787234	0.677637947725	0.705882352941
0.601726263872	0.62792251169	0.63683052091	0.644182124789	0.651439920556	0.673053892216
0.601726263872	0.612355736592	0.631104432757	0.65257819104	0.664717348928	0.663551401869
0.601726263872	0.628838451268	0.65078183172	0.657237936772	0.667317073171	0.666666666667
0.601726263872	0.623149394347	0.629657794677	0.651085141903	0.665365853659	0.685912240185
0.601726263872	0.630173564753	0.655639097744	0.659898477157	0.688461538462	0.694570135747
