0.71590296496	0.724637681159	0.723860589812	0.717748240813	0.708411214953	0.71186440678
0.71590296496	0.71875	0.718644067797	0.715497301465	0.737302977233	0.736732570239
0.71590296496	0.705237515225	0.70900209351	0.710087370929	0.719703977798	0.713656387665
0.71590296496	0.704681872749	0.711841204654	0.711284046693	0.718637992832	0.725344644751
0.71590296496	0.718343195266	0.720265780731	0.723602484472	0.730072463768	0.733556298774
0.71590296496	0.724264705882	0.727146814404	0.715670436187	0.716026241799	0.713160854893
0.71590296496	0.720731707317	0.720379146919	0.718872357087	0.714025500911	0.72688172043
0.71590296496	0.722121760096	0.727272727273	0.723470178156	0.73196794301	0.727083333333
0.71590296496	0.722087378641	0.727025187202	0.723897911833	0.723518850987	0.705882352941
0.71590296496	0.722802704364	0.728789986092	0.73058637084	0.731221719457	0.720173535792
0.71590296496	0.719756838906	0.72187715666	0.724273369992	0.733089579525	0.731019522777
0.71590296496	0.712462006079	0.707399864223	0.708722741433	0.713768115942	0.733118971061
0.71590296496	0.716381418093	0.731972789116	0.728694292416	0.72710453284	0.718066743383
0.71590296496	0.715083798883	0.726132404181	0.720820189274	0.714548802947	0.713978494624
0.71590296496	0.700181708056	0.697260273973	0.696202531646	0.692380056444	0.690285714286
0.71590296496	0.708690330477	0.710926694329	0.718027734977	0.718637992832	0.710869565217
0.71590296496	0.722188449848	0.721399730821	0.726283048212	0.717488789238	0.716289104639
0.71590296496	0.728615384615	0.724637681159	0.72076372315	0.723915050785	0.725274725275
0.71590296496	0.719504643963	0.72	0.702746365105	0.720602069614	0.722415795587
0.71590296496	0.711433756806	0.719626168224	0.718726307809	0.729020979021	0.734989648033
0.71590296496	0.719563900666	0.715447154472	0.707909162099	0.710669077758	0.708779443255
0.71590296496	0.708798017348	0.708303761533	0.714636140638	0.713461538462	0.706018518519
0.71590296496	0.724343675418	0.720108695652	0.724749421742	0.729537366548	0.732984293194
0.71590296496	0.716049382716	0.724233983287	0.737678855326	0.728813559322	0.733780760626
0.71590296496	0.729268292683	0.731512325117	0.73482428115	0.715750232992	0.712172923777
0.71590296496	0.701267350634	0.712627986348	0.727828746177	0.73339238264	0.726890756303
0.71590296496	0.716911764706	0.709812108559	0.709302325581	0.704724409449	0.712589073634
0.71590296496	0.7167769092	0.724367509987	0.715057915058	0.727272727273	0.732840549102
0.71590296496	0.728606356968	0.72602739726	0.716009654063	0.720887245841	0.735555555556
0.71590296496	0.706896551724	0.712737127371	0.727833461835	0.720848056537	0.723670490094
0.71590296496	0.719114935464	0.717663421419	0.717306186374	0.72036199095	0.718954248366
0.71590296496	0.719512195122	0.711050102951	0.722929936306	0.728767123288	0.732083792723
0.71590296496	0.718635809988	0.718836565097	0.722178988327	0.731301939058	0.71702367531
0.71590296496	0.713168971738	0.719776380154	0.727418065548	0.729147141518	0.732960893855
0.71590296496	0.723763570567	0.716477651768	0.708782742681	0.70802919708	0.719457013575
0.71590296496	0.718352513628	0.717948717949	0.718105423988	0.71543264942	0.721627408994
0.71590296496	0.711761121268	0.718473074301	0.716300940439	0.71828358209	0.710407239819
0.71590296496	0.719128329298	0.720538720539	0.72218016654	0.728558797524	0.730325288562
0.71590296496	0.701393095094	0.708049113233	0.719626168224	0.714808043876	0.714285714286
0.71590296496	0.71497005988	0.710115410726	0.708722741433	0.71260199456	0.71746031746
0.71590296496	0.725247524752	0.713892709766	0.714865962632	0.71375464684	0.727474972191
0.71590296496	0.724890829694	0.723969252271	0.719341563786	0.722222222222	0.729463307777
0.71590296496	0.709796672828	0.712404712405	0.70438247012	0.709259259259	0.714443219405
0.71590296496	0.709443099274	0.728395061728	0.732549019608	0.724294813467	0.72349726776
0.71590296496	0.725382262997	0.731575388776	0.737085582113	0.734657039711	0.740273396425
0.71590296496	0.721271393643	0.713704206242	0.715484363082	0.715315315315	0.719200887902
0.71590296496	0.718225419664	0.723638869745	0.714946070878	0.707581227437	0.70792616721
0.71590296496	0.715517241379	0.71546961326	0.712392829306	0.716228467815	0.714912280702
0.71590296496	0.706310679612	0.701189643107	0.722135007849	0.714948932219	0.72885032538
0.71590296496	0.713064713065	0.703988803359	0.720379146919	0.728904847397	0.73396424816
0.71590296496	0.720048899756	0.711141678129	0.705701078582	0.704525288376	0.707264957265
0.71590296496	0.719614921781	0.712254570074	0.709976798144	0.722763507529	0.723127035831
0.71590296496	0.71419939577	0.706210746685	0.709359605911	0.720754716981	0.719298245614
0.71590296496	0.710510141364	0.715083798883	0.719047619048	0.717431192661	0.723640399556
0.71590296496	0.71735131821	0.718367346939	0.724592707525	0.726277372263	0.718006795017
0.71590296496	0.71921182266	0.716747070986	0.709728867624	0.709004739336	0.701357466063
0.71590296496	0.716981132075	0.722070844687	0.731446059679	0.750220653133	0.767321613237
0.71590296496	0.707434052758	0.725423728814	0.737085582113	0.737793851718	0.742489270386
0.71590296496	0.724137931034	0.731271477663	0.732015810277	0.742857142857	0.744751381215
0.71590296496	0.717097170972	0.711446196025	0.720187061574	0.728767123288	0.715995647443
0.71590296496	0.711327649208	0.720867208672	0.719391634981	0.715184186882	0.71017699115
0.71590296496	0.717761557178	0.709141274238	0.714057507987	0.720450281426	0.730769230769
0.71590296496	0.724938875306	0.725185685348	0.742902208202	0.735779816514	0.736961451247
0.71590296496	0.719352831363	0.720647773279	0.722093918399	0.732727272727	0.734561213434
0.71590296496	0.708383961118	0.718125430737	0.720506730008	0.714285714286	0.732960893855
0.71590296496	0.717325227964	0.715659340659	0.716744913928	0.71766848816	0.71875
0.71590296496	0.723532970357	0.718728403594	0.730031948882	0.732261116367	0.740157480315
0.71590296496	0.724284844796	0.724538619275	0.725118483412	0.731439046746	0.719178082192
0.71590296496	0.717391304348	0.721467391304	0.717581543357	0.723163841808	0.728285077951
0.71590296496	0.714631197098	0.716747070986	0.712962962963	0.726780883679	0.725877192982
0.71590296496	0.718505123568	0.714384033035	0.712903225806	0.707897240723	0.711409395973
0.71590296496	0.721030042918	0.725409836066	0.73109898675	0.728584310189	0.741138560687
0.71590296496	0.717732207479	0.719619823489	0.72294704528	0.721818181818	0.72885032538
0.71590296496	0.728682170543	0.720867208672	0.726153846154	0.727762803235	0.73022751896
0.71590296496	0.716981132075	0.699656357388	0.703645007924	0.717808219178	0.729490022173
0.71590296496	0.722222222222	0.724210526316	0.729001584786	0.729605866178	0.72967032967
0.71590296496	0.730745532964	0.726279863481	0.71811023622	0.711433756806	0.728682170543
0.71590296496	0.706748466258	0.721107266436	0.725413060582	0.725114155251	0.73275862069
0.71590296496	0.721549636804	0.706210746685	0.71417133707	0.716165413534	0.703786191537
0.71590296496	0.709401709402	0.719946272666	0.729708431836	0.727962085308	0.727688787185
0.71590296496	0.706982543641	0.706206896552	0.723945902944	0.725092250923	0.721739130435
0.71590296496	0.723740133576	0.723875432526	0.727707006369	0.726770929163	0.719565217391
0.71590296496	0.728588661037	0.730717185386	0.734662576687	0.715462031107	0.72647702407
0.71590296496	0.703635243376	0.692792162351	0.7056	0.708294501398	0.712568306011
0.71590296496	0.713667285096	0.722106722107	0.7204385278	0.724233983287	0.743929359823
0.71590296496	0.706172839506	0.707333790267	0.713615023474	0.719282511211	0.722222222222
0.71590296496	0.721921921922	0.719298245614	0.712050078247	0.697332106716	0.710407239819
0.71590296496	0.723636363636	0.730329522529	0.716184519156	0.719060523939	0.718232044199
0.71590296496	0.715972653822	0.721518987342	0.725184577523	0.731662024141	0.730375426621
0.71590296496	0.713312693498	0.725274725275	0.724842767296	0.73851590106	0.7343412527
0.71590296496	0.721113127647	0.712121212121	0.72294704528	0.720704845815	0.72921108742
0.71590296496	0.712545676005	0.707650273224	0.704073789393	0.702166064982	0.718002081165
0.71590296496	0.716141001855	0.719554627697	0.727564102564	0.734770384255	0.742152466368
0.71590296496	0.71724137931	0.707648320229	0.714859437751	0.724692526017	0.729119638826
0.71590296496	0.715346534653	0.719887955182	0.713478611784	0.710351377018	0.716384180791
0.71590296496	0.7239488117	0.724420190996	0.717306186374	0.719038817006	0.724252491694
0.71590296496	0.728395061728	0.737134909597	0.74006116208	0.750889679715	0.750802139037
0.71590296496	0.721766561514	0.725321888412	0.736334405145	0.747697974217	0.752173913043
0.71590296496	0.718010915706	0.709269662921	0.709519934906	0.712380952381	0.709090909091
0.71590296496	0.713846153846	0.718446601942	0.727418065548	0.725746268657	0.72748004561
