0.59337493999	0.600104547831	0.606096131301	0.594222833563	0.598055105348	0.604558969277
0.59337493999	0.603375527426	0.606060606061	0.617350369872	0.628304821151	0.618916437098
0.59337493999	0.594101876676	0.594660194175	0.594333102972	0.602564102564	0.593155893536
0.59337493999	0.593945720251	0.60106698281	0.600677966102	0.611374407583	0.616096207216
0.59337493999	0.59516298633	0.590612002377	0.597796143251	0.597887896019	0.592079207921
0.59337493999	0.598180845372	0.602176541717	0.594972067039	0.600162206002	0.605237633366
0.59337493999	0.599466666667	0.599166170339	0.594557823129	0.604361370717	0.612546125461
0.59337493999	0.596379126731	0.598074608905	0.595482546201	0.595443833464	0.597806215722
0.59337493999	0.595338983051	0.594082840237	0.589726484323	0.592476489028	0.588454376164
0.59337493999	0.597333333333	0.590223295112	0.595303867403	0.607454401269	0.597353497164
0.59337493999	0.59807073955	0.599638771824	0.595041322314	0.603896103896	0.595419847328
0.59337493999	0.59247311828	0.598917618761	0.593150684932	0.595846645367	0.593659942363
0.59337493999	0.590546999469	0.593656493118	0.597402597403	0.585209003215	0.579567779961
0.59337493999	0.596903363588	0.599151000606	0.6	0.593424218123	0.604562737643
0.59337493999	0.585575888052	0.580998781973	0.580690627202	0.575456053068	0.574552683897
0.59337493999	0.588989845003	0.592592592593	0.602033898305	0.599364069952	0.599229287091
0.59337493999	0.597030752916	0.5949441505	0.59606245757	0.596573208723	0.597765363128
0.59337493999	0.595631326585	0.601674641148	0.599173553719	0.612440191388	0.605089538172
0.59337493999	0.594450373533	0.593220338983	0.587664587665	0.592532467532	0.590361445783
0.59337493999	0.60778128286	0.609208972845	0.613545816733	0.621283255086	0.623836126629
0.59337493999	0.599469496021	0.603907637655	0.599728629579	0.604430379747	0.603383458647
0.59337493999	0.58886509636	0.586165048544	0.584615384615	0.586797066015	0.581532416503
0.59337493999	0.602510460251	0.606489675516	0.61320754717	0.613953488372	0.609332113449
0.59337493999	0.600539083558	0.600604229607	0.607315389924	0.602291325696	0.613095238095
0.59337493999	0.598516949153	0.603156049094	0.604938271605	0.599049128368	0.594230769231
0.59337493999	0.592631578947	0.597387173397	0.597577388964	0.608214849921	0.604868913858
0.59337493999	0.599460916442	0.602657004831	0.5888252149	0.583124477861	0.583249243189
0.59337493999	0.601052631579	0.606132075472	0.60781671159	0.614173228346	0.619318181818
0.59337493999	0.59915164369	0.595337716677	0.597749648383	0.612277867528	0.623274161736
0.59337493999	0.596774193548	0.592899408284	0.590752242926	0.598101265823	0.595305164319
0.59337493999	0.595607927156	0.592861464005	0.59375	0.599056603774	0.599616858238
0.59337493999	0.589675359234	0.587462686567	0.581893572909	0.587670136109	0.584291187739
0.59337493999	0.59160913436	0.587034813926	0.598908594816	0.599348534202	0.596630327056
0.59337493999	0.593548387097	0.59741856177	0.603129445235	0.600504625736	0.613545816733
0.59337493999	0.592238171186	0.594721407625	0.603344481605	0.606060606061	0.602362204724
0.59337493999	0.592397043295	0.600823045267	0.594232059021	0.591155934833	0.594040968343
0.59337493999	0.59419525066	0.598321342926	0.591065292096	0.583061889251	0.580019398642
0.59337493999	0.592119275825	0.600234466589	0.607260726073	0.606293169609	0.606334841629
0.59337493999	0.59649122807	0.593128390597	0.594153636982	0.58785942492	0.595744680851
0.59337493999	0.597141344627	0.599638771824	0.594371997255	0.59318001586	0.593345656192
0.59337493999	0.598924731183	0.598208955224	0.588965517241	0.586454183267	0.6
0.59337493999	0.59477124183	0.594594594595	0.589743589744	0.593959731544	0.612085769981
0.59337493999	0.592592592593	0.593128390597	0.586278586279	0.600484261501	0.592168099331
0.59337493999	0.594249201278	0.589221556886	0.587671232877	0.587390263368	0.593810444874
0.59337493999	0.597883597884	0.6	0.608401084011	0.618066561014	0.617375231054
0.59337493999	0.602422327541	0.600702576112	0.600664451827	0.601420678769	0.603297769156
0.59337493999	0.590425531915	0.592145015106	0.597297297297	0.594294770206	0.593984962406
0.59337493999	0.591397849462	0.589651022864	0.590815627142	0.588792423047	0.602843601896
0.59337493999	0.594680851064	0.593975903614	0.598778004073	0.589558232932	0.609375
0.59337493999	0.598827916889	0.599517490953	0.601915184679	0.602316602317	0.60384263495
0.59337493999	0.590425531915	0.578443113772	0.580688723835	0.577881619938	0.576675849403
0.59337493999	0.597567424643	0.598086124402	0.597510373444	0.601431980907	0.608108108108
0.59337493999	0.588426176312	0.59236453202	0.589158345221	0.590834697218	0.593236714976
0.59337493999	0.59136920618	0.594107035478	0.609589041096	0.615507593925	0.618635926993
0.59337493999	0.602024507192	0.608019150209	0.611034482759	0.613081166273	0.590864917396
0.59337493999	0.588172043011	0.586102719033	0.578146611342	0.576104746318	0.57756097561
0.59337493999	0.60395010395	0.604678362573	0.603550295858	0.616679418516	0.622658340767
0.59337493999	0.596174282678	0.606024096386	0.610655737705	0.609814963797	0.621800947867
0.59337493999	0.608369098712	0.605438066465	0.605479452055	0.600969305331	0.601344860711
0.59337493999	0.588810429115	0.593037214886	0.596829772571	0.606255012029	0.601923076923
0.59337493999	0.600422832981	0.602985074627	0.60781671159	0.60917721519	0.610789980732
0.59337493999	0.588859416446	0.591582691168	0.595075239398	0.610885458976	0.623300970874
0.59337493999	0.594048884166	0.604901374776	0.603825136612	0.609872611465	0.610567514677
0.59337493999	0.590445517982	0.590588235294	0.587131367292	0.587401574803	0.596958174905
0.59337493999	0.592671269251	0.590909090909	0.583972125436	0.594813614263	0.584555229717
0.59337493999	0.595289079229	0.587878787879	0.584657912923	0.585209003215	0.583170254403
0.59337493999	0.603556485356	0.60144057623	0.601388888889	0.605815831987	0.624154589372
0.59337493999	0.604255319149	0.602059357965	0.600964851826	0.600321027287	0.586241276171
0.59337493999	0.598719316969	0.602870813397	0.588477366255	0.58852061439	0.597302504817
0.59337493999	0.586280814577	0.594107035478	0.604081632653	0.618506493506	0.621490803485
0.59337493999	0.596082583377	0.590909090909	0.592022393282	0.603462489695	0.606361829026
0.59337493999	0.593900481541	0.601204819277	0.609353507565	0.60413354531	0.603204524034
0.59337493999	0.606896551724	0.603231597846	0.598908594816	0.594075260208	0.607449856734
0.59337493999	0.598290598291	0.594464500602	0.609523809524	0.620031796502	0.61359223301
0.59337493999	0.601931330472	0.602540834846	0.605935127674	0.608695652174	0.621568627451
0.59337493999	0.595698924731	0.601347213717	0.609299097849	0.612409347301	0.607594936709
0.59337493999	0.60054200542	0.604204204204	0.593575418994	0.594331983806	0.594059405941
0.59337493999	0.593229446534	0.589371980676	0.591780821918	0.586395621579	0.59019426457
0.59337493999	0.596679164435	0.586731588558	0.588316151203	0.590429845904	0.592015579357
0.59337493999	0.592592592593	0.600938967136	0.598079561043	0.590759075908	0.598223099704
0.59337493999	0.59331175836	0.596533173939	0.6	0.596015936255	0.596063730084
0.59337493999	0.598190526876	0.596978851964	0.590877192982	0.585760517799	0.573055028463
0.59337493999	0.593650793651	0.599286563615	0.596774193548	0.591276252019	0.586640851888
0.59337493999	0.591127739177	0.585042219542	0.585062240664	0.582728006457	0.595169082126
0.59337493999	0.598924731183	0.603750756201	0.604195804196	0.602236421725	0.605058365759
0.59337493999	0.595493562232	0.592414208308	0.595918367347	0.592301649647	0.602661596958
0.59337493999	0.600317628375	0.599523241955	0.599307958478	0.59463850528	0.600199401795
0.59337493999	0.596903363588	0.593210244193	0.594444444444	0.589928057554	0.6015625
0.59337493999	0.592233009709	0.5869297164	0.596140100071	0.593317033415	0.592885375494
0.59337493999	0.605150214592	0.610677864427	0.614754098361	0.619455252918	0.605487228004
0.59337493999	0.598524762908	0.590047393365	0.59797979798	0.606531881804	0.605607476636
0.59337493999	0.59160913436	0.594142259414	0.594885598923	0.606108065779	0.61198156682
0.59337493999	0.601279317697	0.601449275362	0.602359472588	0.604269293924	0.60333006856
0.59337493999	0.598493003229	0.600370599135	0.607042253521	0.60396039604	0.602985074627
0.59337493999	0.594916170903	0.589460784314	0.584615384615	0.585445625511	0.589970501475
0.59337493999	0.597567424643	0.59250446163	0.595141700405	0.593824228029	0.586206896552
0.59337493999	0.596472474613	0.601079784043	0.609675281643	0.61716937355	0.633458646617
0.59337493999	0.595976073953	0.598757763975	0.611464968153	0.620689655172	0.622516556291
0.59337493999	0.593418259023	0.590163934426	0.586085734364	0.581395348837	0.578894472362
0.59337493999	0.596246648794	0.591463414634	0.600280504909	0.59626320065	0.607569721116
