0.787037037037	0.80612244898	0.827586206897	0.842105263158	0.830769230769	0.814814814815
0.787037037037	0.765306122449	0.793103448276	0.776315789474	0.753846153846	0.796296296296
0.787037037037	0.785714285714	0.83908045977	0.815789473684	0.815384615385	0.796296296296
0.787037037037	0.785714285714	0.804597701149	0.802631578947	0.8	0.796296296296
0.787037037037	0.775510204082	0.793103448276	0.815789473684	0.8	0.851851851852
0.787037037037	0.775510204082	0.747126436782	0.736842105263	0.738461538462	0.740740740741
0.787037037037	0.80612244898	0.804597701149	0.842105263158	0.876923076923	0.87037037037
0.787037037037	0.785714285714	0.758620689655	0.723684210526	0.738461538462	0.722222222222
0.787037037037	0.816326530612	0.804597701149	0.828947368421	0.815384615385	0.814814814815
0.787037037037	0.80612244898	0.816091954023	0.828947368421	0.830769230769	0.833333333333
0.787037037037	0.785714285714	0.781609195402	0.776315789474	0.769230769231	0.759259259259
0.787037037037	0.795918367347	0.793103448276	0.789473684211	0.815384615385	0.796296296296
0.787037037037	0.80612244898	0.793103448276	0.802631578947	0.784615384615	0.777777777778
0.787037037037	0.80612244898	0.827586206897	0.855263157895	0.861538461538	0.888888888889
0.787037037037	0.785714285714	0.781609195402	0.789473684211	0.830769230769	0.851851851852
0.787037037037	0.775510204082	0.781609195402	0.763157894737	0.784615384615	0.796296296296
0.787037037037	0.795918367347	0.816091954023	0.828947368421	0.815384615385	0.777777777778
0.787037037037	0.775510204082	0.781609195402	0.789473684211	0.753846153846	0.759259259259
0.787037037037	0.785714285714	0.781609195402	0.802631578947	0.846153846154	0.851851851852
0.787037037037	0.80612244898	0.83908045977	0.828947368421	0.861538461538	0.87037037037
0.787037037037	0.80612244898	0.816091954023	0.815789473684	0.830769230769	0.833333333333
0.787037037037	0.795918367347	0.793103448276	0.789473684211	0.784615384615	0.740740740741
0.787037037037	0.775510204082	0.758620689655	0.776315789474	0.830769230769	0.833333333333
0.787037037037	0.785714285714	0.781609195402	0.776315789474	0.784615384615	0.814814814815
0.787037037037	0.795918367347	0.781609195402	0.75	0.723076923077	0.703703703704
0.787037037037	0.785714285714	0.793103448276	0.789473684211	0.815384615385	0.833333333333
0.787037037037	0.765306122449	0.758620689655	0.75	0.784615384615	0.759259259259
0.787037037037	0.775510204082	0.781609195402	0.789473684211	0.8	0.777777777778
0.787037037037	0.765306122449	0.793103448276	0.828947368421	0.830769230769	0.814814814815
0.787037037037	0.795918367347	0.770114942529	0.75	0.769230769231	0.740740740741
0.787037037037	0.775510204082	0.793103448276	0.828947368421	0.830769230769	0.87037037037
0.787037037037	0.80612244898	0.804597701149	0.815789473684	0.815384615385	0.796296296296
0.787037037037	0.795918367347	0.793103448276	0.828947368421	0.830769230769	0.796296296296
0.787037037037	0.795918367347	0.793103448276	0.789473684211	0.815384615385	0.851851851852
0.787037037037	0.826530612245	0.816091954023	0.828947368421	0.815384615385	0.814814814815
0.787037037037	0.795918367347	0.781609195402	0.776315789474	0.830769230769	0.833333333333
0.787037037037	0.765306122449	0.816091954023	0.855263157895	0.846153846154	0.833333333333
0.787037037037	0.775510204082	0.758620689655	0.776315789474	0.784615384615	0.777777777778
0.787037037037	0.795918367347	0.816091954023	0.815789473684	0.815384615385	0.796296296296
0.787037037037	0.785714285714	0.770114942529	0.75	0.784615384615	0.796296296296
0.787037037037	0.816326530612	0.83908045977	0.855263157895	0.830769230769	0.833333333333
0.787037037037	0.785714285714	0.770114942529	0.776315789474	0.8	0.814814814815
0.787037037037	0.765306122449	0.793103448276	0.802631578947	0.769230769231	0.722222222222
0.787037037037	0.785714285714	0.793103448276	0.815789473684	0.830769230769	0.814814814815
0.787037037037	0.775510204082	0.804597701149	0.815789473684	0.784615384615	0.777777777778
0.787037037037	0.795918367347	0.804597701149	0.802631578947	0.815384615385	0.814814814815
0.787037037037	0.795918367347	0.804597701149	0.828947368421	0.830769230769	0.833333333333
0.787037037037	0.795918367347	0.781609195402	0.763157894737	0.769230769231	0.759259259259
0.787037037037	0.775510204082	0.770114942529	0.75	0.707692307692	0.722222222222
0.787037037037	0.785714285714	0.770114942529	0.763157894737	0.753846153846	0.759259259259
0.787037037037	0.775510204082	0.793103448276	0.789473684211	0.815384615385	0.833333333333
0.787037037037	0.775510204082	0.781609195402	0.763157894737	0.769230769231	0.777777777778
0.787037037037	0.785714285714	0.770114942529	0.802631578947	0.830769230769	0.833333333333
0.787037037037	0.765306122449	0.793103448276	0.789473684211	0.769230769231	0.759259259259
0.787037037037	0.775510204082	0.758620689655	0.776315789474	0.8	0.796296296296
0.787037037037	0.816326530612	0.816091954023	0.815789473684	0.861538461538	0.87037037037
0.787037037037	0.775510204082	0.781609195402	0.763157894737	0.769230769231	0.833333333333
0.787037037037	0.785714285714	0.804597701149	0.789473684211	0.815384615385	0.796296296296
0.787037037037	0.775510204082	0.793103448276	0.815789473684	0.846153846154	0.814814814815
0.787037037037	0.785714285714	0.770114942529	0.776315789474	0.769230769231	0.777777777778
0.787037037037	0.775510204082	0.758620689655	0.75	0.815384615385	0.833333333333
0.787037037037	0.775510204082	0.793103448276	0.789473684211	0.846153846154	0.851851851852
0.787037037037	0.795918367347	0.781609195402	0.789473684211	0.815384615385	0.833333333333
0.787037037037	0.775510204082	0.758620689655	0.75	0.753846153846	0.833333333333
0.787037037037	0.795918367347	0.827586206897	0.815789473684	0.8	0.814814814815
0.787037037037	0.775510204082	0.793103448276	0.763157894737	0.769230769231	0.740740740741
0.787037037037	0.775510204082	0.735632183908	0.789473684211	0.784615384615	0.796296296296
0.787037037037	0.816326530612	0.793103448276	0.802631578947	0.784615384615	0.796296296296
0.787037037037	0.775510204082	0.804597701149	0.789473684211	0.815384615385	0.796296296296
0.787037037037	0.785714285714	0.804597701149	0.815789473684	0.815384615385	0.796296296296
0.787037037037	0.785714285714	0.827586206897	0.828947368421	0.846153846154	0.833333333333
0.787037037037	0.785714285714	0.816091954023	0.789473684211	0.769230769231	0.777777777778
0.787037037037	0.826530612245	0.804597701149	0.802631578947	0.8	0.796296296296
0.787037037037	0.785714285714	0.770114942529	0.736842105263	0.692307692308	0.685185185185
0.787037037037	0.80612244898	0.804597701149	0.802631578947	0.769230769231	0.759259259259
0.787037037037	0.795918367347	0.804597701149	0.828947368421	0.815384615385	0.814814814815
0.787037037037	0.80612244898	0.804597701149	0.828947368421	0.8	0.814814814815
0.787037037037	0.765306122449	0.747126436782	0.776315789474	0.753846153846	0.740740740741
0.787037037037	0.755102040816	0.793103448276	0.789473684211	0.830769230769	0.814814814815
0.787037037037	0.785714285714	0.793103448276	0.776315789474	0.769230769231	0.796296296296
0.787037037037	0.775510204082	0.770114942529	0.815789473684	0.815384615385	0.814814814815
0.787037037037	0.765306122449	0.758620689655	0.736842105263	0.707692307692	0.759259259259
0.787037037037	0.785714285714	0.781609195402	0.776315789474	0.8	0.796296296296
0.787037037037	0.785714285714	0.804597701149	0.828947368421	0.815384615385	0.833333333333
0.787037037037	0.785714285714	0.793103448276	0.789473684211	0.784615384615	0.796296296296
0.787037037037	0.775510204082	0.804597701149	0.828947368421	0.830769230769	0.87037037037
0.787037037037	0.785714285714	0.816091954023	0.802631578947	0.784615384615	0.777777777778
0.787037037037	0.775510204082	0.816091954023	0.802631578947	0.815384615385	0.814814814815
0.787037037037	0.775510204082	0.770114942529	0.763157894737	0.738461538462	0.814814814815
0.787037037037	0.785714285714	0.804597701149	0.815789473684	0.8	0.796296296296
0.787037037037	0.785714285714	0.770114942529	0.802631578947	0.769230769231	0.740740740741
0.787037037037	0.775510204082	0.781609195402	0.789473684211	0.753846153846	0.740740740741
0.787037037037	0.785714285714	0.770114942529	0.776315789474	0.784615384615	0.814814814815
0.787037037037	0.785714285714	0.793103448276	0.802631578947	0.784615384615	0.814814814815
0.787037037037	0.816326530612	0.793103448276	0.789473684211	0.784615384615	0.759259259259
0.787037037037	0.795918367347	0.804597701149	0.789473684211	0.8	0.796296296296
0.787037037037	0.795918367347	0.770114942529	0.75	0.753846153846	0.777777777778
0.787037037037	0.765306122449	0.793103448276	0.776315789474	0.753846153846	0.759259259259
0.787037037037	0.775510204082	0.770114942529	0.763157894737	0.738461538462	0.777777777778
0.787037037037	0.795918367347	0.804597701149	0.802631578947	0.815384615385	0.833333333333
