0.722222222222	0.734693877551	0.850574712644	0.842105263158	0.846153846154	0.888888888889
0.722222222222	0.724489795918	0.724137931034	0.684210526316	0.661538461538	0.796296296296
0.722222222222	0.714285714286	0.83908045977	0.815789473684	0.830769230769	0.814814814815
0.722222222222	0.714285714286	0.804597701149	0.802631578947	0.815384615385	0.796296296296
0.722222222222	0.714285714286	0.793103448276	0.815789473684	0.8	0.888888888889
0.722222222222	0.714285714286	0.67816091954	0.671052631579	0.769230769231	0.759259259259
0.722222222222	0.785714285714	0.816091954023	0.842105263158	0.907692307692	0.907407407407
0.722222222222	0.765306122449	0.735632183908	0.697368421053	0.738461538462	0.740740740741
0.722222222222	0.816326530612	0.804597701149	0.828947368421	0.815384615385	0.814814814815
0.722222222222	0.744897959184	0.816091954023	0.855263157895	0.846153846154	0.851851851852
0.722222222222	0.714285714286	0.781609195402	0.802631578947	0.784615384615	0.777777777778
0.722222222222	0.744897959184	0.793103448276	0.789473684211	0.815384615385	0.796296296296
0.722222222222	0.80612244898	0.793103448276	0.802631578947	0.784615384615	0.777777777778
0.722222222222	0.816326530612	0.83908045977	0.855263157895	0.907692307692	0.925925925926
0.722222222222	0.744897959184	0.747126436782	0.789473684211	0.830769230769	0.851851851852
0.722222222222	0.704081632653	0.67816091954	0.671052631579	0.707692307692	0.833333333333
0.722222222222	0.775510204082	0.816091954023	0.828947368421	0.815384615385	0.777777777778
0.722222222222	0.704081632653	0.793103448276	0.802631578947	0.769230769231	0.759259259259
0.722222222222	0.724489795918	0.747126436782	0.815789473684	0.861538461538	0.87037037037
0.722222222222	0.80612244898	0.83908045977	0.828947368421	0.861538461538	0.87037037037
0.722222222222	0.755102040816	0.816091954023	0.815789473684	0.846153846154	0.833333333333
0.722222222222	0.734693877551	0.781609195402	0.789473684211	0.784615384615	0.740740740741
0.722222222222	0.714285714286	0.747126436782	0.776315789474	0.830769230769	0.833333333333
0.722222222222	0.755102040816	0.781609195402	0.776315789474	0.784615384615	0.833333333333
0.722222222222	0.744897959184	0.793103448276	0.763157894737	0.707692307692	0.759259259259
0.722222222222	0.714285714286	0.793103448276	0.776315789474	0.815384615385	0.851851851852
0.722222222222	0.69387755102	0.770114942529	0.776315789474	0.784615384615	0.759259259259
0.722222222222	0.724489795918	0.724137931034	0.789473684211	0.8	0.777777777778
0.722222222222	0.69387755102	0.712643678161	0.828947368421	0.830769230769	0.814814814815
0.722222222222	0.734693877551	0.781609195402	0.763157894737	0.769230769231	0.759259259259
0.722222222222	0.714285714286	0.770114942529	0.828947368421	0.830769230769	0.87037037037
0.722222222222	0.724489795918	0.816091954023	0.828947368421	0.815384615385	0.796296296296
0.722222222222	0.775510204082	0.804597701149	0.828947368421	0.830769230769	0.796296296296
0.722222222222	0.714285714286	0.747126436782	0.776315789474	0.815384615385	0.851851851852
0.722222222222	0.826530612245	0.827586206897	0.828947368421	0.830769230769	0.833333333333
0.722222222222	0.714285714286	0.701149425287	0.671052631579	0.830769230769	0.833333333333
0.722222222222	0.714285714286	0.827586206897	0.868421052632	0.861538461538	0.851851851852
0.722222222222	0.724489795918	0.758620689655	0.763157894737	0.784615384615	0.796296296296
0.722222222222	0.724489795918	0.758620689655	0.815789473684	0.830769230769	0.814814814815
0.722222222222	0.714285714286	0.758620689655	0.710526315789	0.784615384615	0.796296296296
0.722222222222	0.826530612245	0.83908045977	0.855263157895	0.830769230769	0.87037037037
0.722222222222	0.724489795918	0.724137931034	0.763157894737	0.815384615385	0.814814814815
0.722222222222	0.704081632653	0.781609195402	0.802631578947	0.769230769231	0.722222222222
0.722222222222	0.724489795918	0.793103448276	0.828947368421	0.830769230769	0.814814814815
0.722222222222	0.704081632653	0.781609195402	0.723684210526	0.753846153846	0.759259259259
0.722222222222	0.785714285714	0.816091954023	0.815789473684	0.815384615385	0.833333333333
0.722222222222	0.714285714286	0.804597701149	0.842105263158	0.830769230769	0.833333333333
0.722222222222	0.724489795918	0.747126436782	0.710526315789	0.769230769231	0.759259259259
0.722222222222	0.704081632653	0.770114942529	0.736842105263	0.692307692308	0.740740740741
0.722222222222	0.734693877551	0.747126436782	0.763157894737	0.753846153846	0.759259259259
0.722222222222	0.704081632653	0.701149425287	0.789473684211	0.815384615385	0.833333333333
0.722222222222	0.704081632653	0.701149425287	0.75	0.769230769231	0.777777777778
0.722222222222	0.724489795918	0.724137931034	0.815789473684	0.830769230769	0.851851851852
0.722222222222	0.704081632653	0.770114942529	0.789473684211	0.769230769231	0.759259259259
0.722222222222	0.755102040816	0.747126436782	0.776315789474	0.815384615385	0.796296296296
0.722222222222	0.80612244898	0.816091954023	0.815789473684	0.861538461538	0.87037037037
0.722222222222	0.704081632653	0.781609195402	0.789473684211	0.784615384615	0.833333333333
0.722222222222	0.765306122449	0.816091954023	0.802631578947	0.815384615385	0.796296296296
0.722222222222	0.704081632653	0.793103448276	0.815789473684	0.861538461538	0.833333333333
0.722222222222	0.714285714286	0.781609195402	0.776315789474	0.769230769231	0.796296296296
0.722222222222	0.714285714286	0.735632183908	0.763157894737	0.830769230769	0.833333333333
0.722222222222	0.714285714286	0.712643678161	0.697368421053	0.846153846154	0.851851851852
0.722222222222	0.744897959184	0.747126436782	0.789473684211	0.815384615385	0.87037037037
0.722222222222	0.714285714286	0.689655172414	0.736842105263	0.769230769231	0.833333333333
0.722222222222	0.724489795918	0.827586206897	0.815789473684	0.8	0.833333333333
0.722222222222	0.714285714286	0.758620689655	0.723684210526	0.707692307692	0.722222222222
0.722222222222	0.69387755102	0.67816091954	0.776315789474	0.8	0.796296296296
0.722222222222	0.826530612245	0.804597701149	0.802631578947	0.784615384615	0.833333333333
0.722222222222	0.724489795918	0.804597701149	0.789473684211	0.815384615385	0.833333333333
0.722222222222	0.714285714286	0.804597701149	0.828947368421	0.830769230769	0.814814814815
0.722222222222	0.724489795918	0.83908045977	0.828947368421	0.846153846154	0.87037037037
0.722222222222	0.714285714286	0.758620689655	0.789473684211	0.769230769231	0.796296296296
0.722222222222	0.836734693878	0.816091954023	0.815789473684	0.8	0.796296296296
0.722222222222	0.744897959184	0.781609195402	0.75	0.707692307692	0.685185185185
0.722222222222	0.816326530612	0.804597701149	0.802631578947	0.769230769231	0.759259259259
0.722222222222	0.80612244898	0.804597701149	0.828947368421	0.815384615385	0.814814814815
0.722222222222	0.816326530612	0.816091954023	0.828947368421	0.815384615385	0.814814814815
0.722222222222	0.724489795918	0.712643678161	0.776315789474	0.769230769231	0.740740740741
0.722222222222	0.69387755102	0.735632183908	0.723684210526	0.830769230769	0.814814814815
0.722222222222	0.724489795918	0.747126436782	0.736842105263	0.769230769231	0.796296296296
0.722222222222	0.785714285714	0.781609195402	0.815789473684	0.815384615385	0.814814814815
0.722222222222	0.704081632653	0.747126436782	0.75	0.723076923077	0.759259259259
0.722222222222	0.714285714286	0.781609195402	0.776315789474	0.8	0.796296296296
0.722222222222	0.704081632653	0.804597701149	0.828947368421	0.815384615385	0.833333333333
0.722222222222	0.755102040816	0.793103448276	0.789473684211	0.784615384615	0.796296296296
0.722222222222	0.704081632653	0.816091954023	0.828947368421	0.830769230769	0.888888888889
0.722222222222	0.714285714286	0.816091954023	0.815789473684	0.8	0.777777777778
0.722222222222	0.714285714286	0.827586206897	0.815789473684	0.815384615385	0.814814814815
0.722222222222	0.704081632653	0.67816091954	0.684210526316	0.753846153846	0.814814814815
0.722222222222	0.744897959184	0.827586206897	0.815789473684	0.8	0.796296296296
0.722222222222	0.724489795918	0.724137931034	0.802631578947	0.769230769231	0.740740740741
0.722222222222	0.69387755102	0.747126436782	0.776315789474	0.738461538462	0.740740740741
0.722222222222	0.755102040816	0.735632183908	0.789473684211	0.8	0.814814814815
0.722222222222	0.734693877551	0.793103448276	0.815789473684	0.8	0.833333333333
0.722222222222	0.816326530612	0.793103448276	0.789473684211	0.784615384615	0.759259259259
0.722222222222	0.734693877551	0.804597701149	0.789473684211	0.815384615385	0.796296296296
0.722222222222	0.734693877551	0.701149425287	0.776315789474	0.769230769231	0.777777777778
0.722222222222	0.704081632653	0.793103448276	0.763157894737	0.753846153846	0.759259259259
0.722222222222	0.714285714286	0.689655172414	0.736842105263	0.753846153846	0.777777777778
0.722222222222	0.785714285714	0.804597701149	0.802631578947	0.815384615385	0.87037037037
