0.898148148148	0.908163265306	0.896551724138	0.907894736842	0.907692307692	0.907407407407
0.898148148148	0.918367346939	0.919540229885	0.907894736842	0.907692307692	0.888888888889
0.898148148148	0.897959183673	0.908045977011	0.907894736842	0.907692307692	0.888888888889
0.898148148148	0.887755102041	0.885057471264	0.881578947368	0.907692307692	0.907407407407
0.898148148148	0.887755102041	0.873563218391	0.894736842105	0.876923076923	0.888888888889
0.898148148148	0.887755102041	0.873563218391	0.881578947368	0.861538461538	0.851851851852
0.898148148148	0.887755102041	0.873563218391	0.894736842105	0.907692307692	0.907407407407
0.898148148148	0.887755102041	0.873563218391	0.868421052632	0.876923076923	0.851851851852
0.898148148148	0.897959183673	0.885057471264	0.881578947368	0.923076923077	0.925925925926
0.898148148148	0.897959183673	0.908045977011	0.907894736842	0.892307692308	0.87037037037
0.898148148148	0.887755102041	0.885057471264	0.868421052632	0.861538461538	0.833333333333
0.898148148148	0.887755102041	0.885057471264	0.868421052632	0.876923076923	0.87037037037
0.898148148148	0.897959183673	0.885057471264	0.907894736842	0.907692307692	0.907407407407
0.898148148148	0.908163265306	0.908045977011	0.921052631579	0.923076923077	0.962962962963
0.898148148148	0.887755102041	0.885057471264	0.894736842105	0.923076923077	0.925925925926
0.898148148148	0.897959183673	0.919540229885	0.907894736842	0.907692307692	0.907407407407
0.898148148148	0.908163265306	0.908045977011	0.907894736842	0.892307692308	0.87037037037
0.898148148148	0.897959183673	0.885057471264	0.881578947368	0.861538461538	0.851851851852
0.898148148148	0.897959183673	0.896551724138	0.894736842105	0.923076923077	0.925925925926
0.898148148148	0.887755102041	0.885057471264	0.881578947368	0.861538461538	0.851851851852
0.898148148148	0.897959183673	0.896551724138	0.881578947368	0.876923076923	0.87037037037
0.898148148148	0.897959183673	0.885057471264	0.868421052632	0.861538461538	0.833333333333
0.898148148148	0.897959183673	0.885057471264	0.881578947368	0.953846153846	0.944444444444
0.898148148148	0.887755102041	0.885057471264	0.868421052632	0.846153846154	0.851851851852
0.898148148148	0.908163265306	0.896551724138	0.881578947368	0.876923076923	0.87037037037
0.898148148148	0.887755102041	0.885057471264	0.894736842105	0.876923076923	0.907407407407
0.898148148148	0.887755102041	0.873563218391	0.855263157895	0.876923076923	0.888888888889
0.898148148148	0.887755102041	0.885057471264	0.881578947368	0.876923076923	0.888888888889
0.898148148148	0.887755102041	0.919540229885	0.921052631579	0.907692307692	0.888888888889
0.898148148148	0.897959183673	0.885057471264	0.894736842105	0.907692307692	0.888888888889
0.898148148148	0.887755102041	0.885057471264	0.894736842105	0.892307692308	0.87037037037
0.898148148148	0.908163265306	0.896551724138	0.934210526316	0.923076923077	0.907407407407
0.898148148148	0.908163265306	0.908045977011	0.921052631579	0.923076923077	0.907407407407
0.898148148148	0.897959183673	0.896551724138	0.881578947368	0.923076923077	0.907407407407
0.898148148148	0.897959183673	0.885057471264	0.881578947368	0.861538461538	0.851851851852
0.898148148148	0.897959183673	0.896551724138	0.907894736842	0.907692307692	0.907407407407
0.898148148148	0.887755102041	0.919540229885	0.934210526316	0.938461538462	0.925925925926
0.898148148148	0.887755102041	0.873563218391	0.907894736842	0.892307692308	0.888888888889
0.898148148148	0.908163265306	0.908045977011	0.894736842105	0.892307692308	0.87037037037
0.898148148148	0.897959183673	0.885057471264	0.868421052632	0.861538461538	0.87037037037
0.898148148148	0.897959183673	0.896551724138	0.894736842105	0.876923076923	0.87037037037
0.898148148148	0.908163265306	0.896551724138	0.907894736842	0.923076923077	0.925925925926
0.898148148148	0.887755102041	0.873563218391	0.868421052632	0.846153846154	0.814814814815
0.898148148148	0.897959183673	0.885057471264	0.894736842105	0.923076923077	0.907407407407
0.898148148148	0.887755102041	0.896551724138	0.907894736842	0.892307692308	0.907407407407
0.898148148148	0.897959183673	0.908045977011	0.894736842105	0.892307692308	0.888888888889
0.898148148148	0.897959183673	0.919540229885	0.907894736842	0.923076923077	0.907407407407
0.898148148148	0.897959183673	0.885057471264	0.868421052632	0.846153846154	0.833333333333
0.898148148148	0.897959183673	0.896551724138	0.881578947368	0.861538461538	0.833333333333
0.898148148148	0.887755102041	0.873563218391	0.855263157895	0.861538461538	0.87037037037
0.898148148148	0.887755102041	0.896551724138	0.881578947368	0.892307692308	0.888888888889
0.898148148148	0.887755102041	0.896551724138	0.881578947368	0.892307692308	0.888888888889
0.898148148148	0.897959183673	0.885057471264	0.881578947368	0.876923076923	0.907407407407
0.898148148148	0.887755102041	0.885057471264	0.868421052632	0.876923076923	0.851851851852
0.898148148148	0.908163265306	0.896551724138	0.907894736842	0.892307692308	0.87037037037
0.898148148148	0.887755102041	0.873563218391	0.868421052632	0.923076923077	0.925925925926
0.898148148148	0.887755102041	0.873563218391	0.868421052632	0.892307692308	0.907407407407
0.898148148148	0.897959183673	0.908045977011	0.894736842105	0.907692307692	0.907407407407
0.898148148148	0.887755102041	0.873563218391	0.855263157895	0.861538461538	0.833333333333
0.898148148148	0.887755102041	0.873563218391	0.881578947368	0.892307692308	0.87037037037
0.898148148148	0.887755102041	0.873563218391	0.881578947368	0.907692307692	0.907407407407
0.898148148148	0.897959183673	0.931034482759	0.921052631579	0.923076923077	0.907407407407
0.898148148148	0.908163265306	0.908045977011	0.894736842105	0.907692307692	0.907407407407
0.898148148148	0.887755102041	0.896551724138	0.881578947368	0.876923076923	0.925925925926
0.898148148148	0.887755102041	0.896551724138	0.894736842105	0.876923076923	0.888888888889
0.898148148148	0.887755102041	0.908045977011	0.894736842105	0.876923076923	0.888888888889
0.898148148148	0.887755102041	0.885057471264	0.881578947368	0.861538461538	0.851851851852
0.898148148148	0.897959183673	0.885057471264	0.881578947368	0.861538461538	0.851851851852
0.898148148148	0.887755102041	0.896551724138	0.894736842105	0.892307692308	0.87037037037
0.898148148148	0.887755102041	0.885057471264	0.881578947368	0.861538461538	0.851851851852
0.898148148148	0.887755102041	0.885057471264	0.894736842105	0.876923076923	0.851851851852
0.898148148148	0.897959183673	0.919540229885	0.907894736842	0.907692307692	0.925925925926
0.898148148148	0.908163265306	0.896551724138	0.868421052632	0.876923076923	0.87037037037
0.898148148148	0.887755102041	0.873563218391	0.855263157895	0.830769230769	0.833333333333
0.898148148148	0.887755102041	0.885057471264	0.881578947368	0.876923076923	0.888888888889
0.898148148148	0.918367346939	0.942528735632	0.947368421053	0.938461538462	0.944444444444
0.898148148148	0.908163265306	0.896551724138	0.881578947368	0.876923076923	0.888888888889
0.898148148148	0.887755102041	0.873563218391	0.881578947368	0.876923076923	0.851851851852
0.898148148148	0.897959183673	0.908045977011	0.921052631579	0.923076923077	0.907407407407
0.898148148148	0.897959183673	0.908045977011	0.907894736842	0.892307692308	0.888888888889
0.898148148148	0.887755102041	0.873563218391	0.881578947368	0.907692307692	0.907407407407
0.898148148148	0.887755102041	0.873563218391	0.855263157895	0.830769230769	0.833333333333
0.898148148148	0.887755102041	0.873563218391	0.868421052632	0.892307692308	0.888888888889
0.898148148148	0.897959183673	0.908045977011	0.921052631579	0.923076923077	0.925925925926
0.898148148148	0.897959183673	0.885057471264	0.881578947368	0.876923076923	0.888888888889
0.898148148148	0.887755102041	0.896551724138	0.894736842105	0.892307692308	0.925925925926
0.898148148148	0.887755102041	0.885057471264	0.881578947368	0.861538461538	0.833333333333
0.898148148148	0.887755102041	0.885057471264	0.868421052632	0.861538461538	0.888888888889
0.898148148148	0.897959183673	0.885057471264	0.921052631579	0.907692307692	0.925925925926
0.898148148148	0.897959183673	0.896551724138	0.881578947368	0.861538461538	0.851851851852
0.898148148148	0.918367346939	0.908045977011	0.907894736842	0.892307692308	0.87037037037
0.898148148148	0.897959183673	0.908045977011	0.894736842105	0.876923076923	0.851851851852
0.898148148148	0.897959183673	0.885057471264	0.868421052632	0.846153846154	0.87037037037
0.898148148148	0.897959183673	0.885057471264	0.868421052632	0.861538461538	0.851851851852
0.898148148148	0.897959183673	0.885057471264	0.881578947368	0.861538461538	0.87037037037
0.898148148148	0.908163265306	0.896551724138	0.894736842105	0.876923076923	0.851851851852
0.898148148148	0.918367346939	0.919540229885	0.907894736842	0.907692307692	0.925925925926
0.898148148148	0.887755102041	0.885057471264	0.894736842105	0.892307692308	0.888888888889
0.898148148148	0.897959183673	0.896551724138	0.894736842105	0.876923076923	0.87037037037
0.898148148148	0.897959183673	0.908045977011	0.934210526316	0.938461538462	0.944444444444
