0.907216494845	0.919540229885	0.923076923077	0.925373134328	0.920634920635	0.92
0.907216494845	0.923076923077	0.925	0.96	0.95652173913	0.943396226415
0.907216494845	0.906976744186	0.916666666667	0.923076923077	0.928571428571	0.913043478261
0.907216494845	0.913043478261	0.913580246914	0.916666666667	0.920634920635	0.945454545455
0.907216494845	0.896551724138	0.894736842105	0.898550724638	0.885245901639	0.893617021277
0.907216494845	0.923076923077	0.919540229885	0.911392405063	0.898550724638	0.888888888889
0.907216494845	0.898876404494	0.9	0.909090909091	0.918032786885	0.893617021277
0.907216494845	0.896551724138	0.9	0.914285714286	0.909090909091	0.926829268293
0.907216494845	0.906976744186	0.921052631579	0.909090909091	0.933333333333	0.92
0.907216494845	0.931818181818	0.936708860759	0.942857142857	0.950819672131	0.95652173913
0.907216494845	0.911111111111	0.9	0.904109589041	0.881355932203	0.875
0.907216494845	0.898876404494	0.883116883117	0.861538461538	0.851851851852	0.851063829787
0.907216494845	0.909090909091	0.913580246914	0.911764705882	0.931034482759	0.958333333333
0.907216494845	0.896551724138	0.90243902439	0.914285714286	0.918032786885	0.945454545455
0.907216494845	0.89156626506	0.909090909091	0.914285714286	0.931034482759	0.936170212766
0.907216494845	0.924731182796	0.939759036145	0.945945945946	0.952380952381	0.941176470588
0.907216494845	0.904761904762	0.894736842105	0.882352941176	0.9	0.875
0.907216494845	0.923076923077	0.911392405063	0.918918918919	0.911764705882	0.9
0.907216494845	0.896551724138	0.911392405063	0.903225806452	0.928571428571	0.958333333333
0.907216494845	0.904761904762	0.906666666667	0.888888888889	0.884615384615	0.878048780488
0.907216494845	0.931818181818	0.933333333333	0.923076923077	0.941176470588	0.93023255814
0.907216494845	0.894117647059	0.891891891892	0.875	0.877192982456	0.837209302326
0.907216494845	0.909090909091	0.897435897436	0.911764705882	0.945454545455	0.933333333333
0.907216494845	0.898876404494	0.886075949367	0.861538461538	0.830188679245	0.837209302326
0.907216494845	0.906976744186	0.894736842105	0.888888888889	0.892307692308	0.909090909091
0.907216494845	0.906976744186	0.888888888889	0.911764705882	0.888888888889	0.85
0.907216494845	0.901098901099	0.888888888889	0.876712328767	0.892307692308	0.892857142857
0.907216494845	0.896551724138	0.90243902439	0.894736842105	0.885245901639	0.872727272727
0.907216494845	0.903225806452	0.925	0.927536231884	0.909090909091	0.913043478261
0.907216494845	0.883720930233	0.894736842105	0.927536231884	0.928571428571	0.9
0.907216494845	0.896551724138	0.913580246914	0.914285714286	0.920634920635	0.888888888889
0.907216494845	0.89156626506	0.876712328767	0.888888888889	0.888888888889	0.857142857143
0.907216494845	0.894117647059	0.897435897436	0.898550724638	0.9	0.88
0.907216494845	0.901098901099	0.9	0.901408450704	0.925925925926	0.9
0.907216494845	0.896551724138	0.888888888889	0.869565217391	0.866666666667	0.872727272727
0.907216494845	0.923076923077	0.917647058824	0.921052631579	0.896551724138	0.938775510204
0.907216494845	0.896551724138	0.891891891892	0.920634920635	0.901960784314	0.888888888889
0.907216494845	0.898876404494	0.904761904762	0.918918918919	0.909090909091	0.928571428571
0.907216494845	0.919540229885	0.923076923077	0.911764705882	0.933333333333	0.941176470588
0.907216494845	0.913043478261	0.906976744186	0.913580246914	0.888888888889	0.92
0.907216494845	0.904761904762	0.918918918919	0.9375	0.925925925926	0.933333333333
0.907216494845	0.906976744186	0.894736842105	0.90625	0.928571428571	0.916666666667
0.907216494845	0.898876404494	0.883116883117	0.89552238806	0.872727272727	0.857142857143
0.907216494845	0.898876404494	0.883116883117	0.882352941176	0.872727272727	0.829268292683
0.907216494845	0.921348314607	0.911392405063	0.901408450704	0.903225806452	0.897959183673
0.907216494845	0.89156626506	0.916666666667	0.888888888889	0.931034482759	0.936170212766
0.907216494845	0.909090909091	0.904109589041	0.89552238806	0.912280701754	0.893617021277
0.907216494845	0.909090909091	0.894736842105	0.904109589041	0.920634920635	0.909090909091
0.907216494845	0.905263157895	0.919540229885	0.933333333333	0.927536231884	0.915254237288
0.907216494845	0.894117647059	0.886075949367	0.865671641791	0.862068965517	0.888888888889
0.907216494845	0.898876404494	0.90243902439	0.891891891892	0.903225806452	0.884615384615
0.907216494845	0.905263157895	0.913580246914	0.918918918919	0.920634920635	0.923076923077
0.907216494845	0.896551724138	0.886075949367	0.901408450704	0.877192982456	0.933333333333
0.907216494845	0.903225806452	0.90243902439	0.929577464789	0.918032786885	0.901960784314
0.907216494845	0.904761904762	0.897435897436	0.888888888889	0.872727272727	0.875
0.907216494845	0.904761904762	0.897435897436	0.911764705882	0.931034482759	0.95652173913
0.907216494845	0.901098901099	0.886075949367	0.885714285714	0.918032786885	0.92
0.907216494845	0.906976744186	0.894736842105	0.888888888889	0.892857142857	0.913043478261
0.907216494845	0.903225806452	0.9	0.885714285714	0.888888888889	0.862745098039
0.907216494845	0.901098901099	0.888888888889	0.911764705882	0.918032786885	0.941176470588
0.907216494845	0.89156626506	0.894736842105	0.914285714286	0.928571428571	0.916666666667
0.907216494845	0.898876404494	0.928571428571	0.95	0.941176470588	0.928571428571
0.907216494845	0.909090909091	0.90243902439	0.906666666667	0.885245901639	0.897959183673
0.907216494845	0.909090909091	0.913580246914	0.901408450704	0.931034482759	0.936170212766
0.907216494845	0.906976744186	0.894736842105	0.911764705882	0.903225806452	0.905660377358
0.907216494845	0.911111111111	0.909090909091	0.901408450704	0.903225806452	0.909090909091
0.907216494845	0.93023255814	0.926829268293	0.933333333333	0.920634920635	0.923076923077
0.907216494845	0.904761904762	0.897435897436	0.89552238806	0.872727272727	0.857142857143
0.907216494845	0.898876404494	0.9	0.904109589041	0.9	0.888888888889
0.907216494845	0.909090909091	0.9	0.892307692308	0.857142857143	0.878048780488
0.907216494845	0.911111111111	0.936708860759	0.920634920635	0.888888888889	0.864864864865
0.907216494845	0.911111111111	0.9	0.911764705882	0.935483870968	0.945454545455
0.907216494845	0.904761904762	0.904109589041	0.903225806452	0.901960784314	0.871794871795
0.907216494845	0.896551724138	0.883116883117	0.865671641791	0.866666666667	0.884615384615
0.907216494845	0.913580246914	0.933333333333	0.918032786885	0.909090909091	0.916666666667
0.907216494845	0.896551724138	0.913580246914	0.901408450704	0.892307692308	0.905660377358
0.907216494845	0.906976744186	0.894736842105	0.875	0.867924528302	0.837209302326
0.907216494845	0.89156626506	0.876712328767	0.852459016393	0.830188679245	0.8
0.907216494845	0.913043478261	0.913580246914	0.918918918919	0.903225806452	0.897959183673
0.907216494845	0.904761904762	0.916666666667	0.920634920635	0.905660377358	0.904761904762
0.907216494845	0.894117647059	0.876712328767	0.903225806452	0.901960784314	0.936170212766
0.907216494845	0.913043478261	0.90243902439	0.904109589041	0.875	0.916666666667
0.907216494845	0.898876404494	0.90243902439	0.904109589041	0.918032786885	0.901960784314
0.907216494845	0.905263157895	0.90243902439	0.914285714286	0.896551724138	0.893617021277
0.907216494845	0.923076923077	0.913580246914	0.914285714286	0.918032786885	0.905660377358
0.907216494845	0.905263157895	0.917647058824	0.925373134328	0.901960784314	0.871794871795
0.907216494845	0.931818181818	0.933333333333	0.923076923077	0.912280701754	0.875
0.907216494845	0.923076923077	0.925	0.914285714286	0.909090909091	0.941176470588
0.907216494845	0.909090909091	0.897435897436	0.901408450704	0.885245901639	0.884615384615
0.907216494845	0.898876404494	0.906666666667	0.89552238806	0.872727272727	0.837209302326
0.907216494845	0.906976744186	0.913580246914	0.892307692308	0.9	0.875
0.907216494845	0.931818181818	0.935064935065	0.927536231884	0.9375	0.923076923077
0.907216494845	0.919540229885	0.909090909091	0.898550724638	0.892857142857	0.897959183673
0.907216494845	0.894117647059	0.876712328767	0.847457627119	0.846153846154	0.810810810811
0.907216494845	0.911111111111	0.90243902439	0.901408450704	0.881355932203	0.896551724138
0.907216494845	0.923076923077	0.923076923077	0.911764705882	0.892857142857	0.884615384615
0.907216494845	0.906976744186	0.897435897436	0.885714285714	0.888888888889	0.925925925926
0.907216494845	0.913043478261	0.917647058824	0.931506849315	0.935483870968	0.916666666667
0.907216494845	0.903225806452	0.917647058824	0.921052631579	0.925373134328	0.912280701754
0.907216494845	0.911111111111	0.911392405063	0.942857142857	0.935483870968	0.92
