0.558823529412	0.566666666667	0.8	0.785714285714	0.814814814815	0.869565217391
0.558823529412	0.571428571429	0.555555555556	0.538461538462	0.541666666667	0.744186046512
0.558823529412	0.51724137931	0.758620689655	0.730769230769	0.755555555556	0.722222222222
0.558823529412	0.5625	0.746268656716	0.754098360656	0.777777777778	0.765957446809
0.558823529412	0.51724137931	0.709677419355	0.758620689655	0.734693877551	0.857142857143
0.558823529412	0.575757575758	0.548387096774	0.561403508772	0.745762711864	0.711111111111
0.558823529412	0.712328767123	0.771428571429	0.793103448276	0.892857142857	0.883720930233
0.558823529412	0.65671641791	0.622950819672	0.566037735849	0.585365853659	0.5625
0.558823529412	0.742857142857	0.730158730159	0.763636363636	0.76	0.761904761905
0.558823529412	0.615384615385	0.757575757576	0.813559322034	0.807692307692	0.8
0.558823529412	0.5625	0.707692307692	0.761904761905	0.72	0.7
0.558823529412	0.626865671642	0.709677419355	0.692307692308	0.727272727273	0.702702702703
0.558823529412	0.732394366197	0.727272727273	0.736842105263	0.708333333333	0.7
0.558823529412	0.756756756757	0.8	0.819672131148	0.896551724138	0.923076923077
0.558823529412	0.576271186441	0.633333333333	0.724137931034	0.78431372549	0.8
0.558823529412	0.567164179104	0.533333333333	0.528301886792	0.595744680851	0.8
0.558823529412	0.645161290323	0.741935483871	0.771929824561	0.769230769231	0.7
0.558823529412	0.539682539683	0.727272727273	0.761904761905	0.736842105263	0.745098039216
0.558823529412	0.55737704918	0.620689655172	0.730769230769	0.808510638298	0.829268292683
0.558823529412	0.732394366197	0.78125	0.754716981132	0.8	0.8
0.558823529412	0.636363636364	0.741935483871	0.740740740741	0.772727272727	0.756756756757
0.558823529412	0.566666666667	0.677966101695	0.692307692308	0.695652173913	0.5625
0.558823529412	0.533333333333	0.633333333333	0.679245283019	0.744186046512	0.742857142857
0.558823529412	0.636363636364	0.698412698413	0.679245283019	0.681818181818	0.756756756757
0.558823529412	0.590163934426	0.709677419355	0.689655172414	0.595744680851	0.711111111111
0.558823529412	0.533333333333	0.689655172414	0.690909090909	0.739130434783	0.777777777778
0.558823529412	0.516129032258	0.69696969697	0.72131147541	0.740740740741	0.711111111111
0.558823529412	0.55737704918	0.6	0.741935483871	0.745098039216	0.739130434783
0.558823529412	0.53125	0.545454545455	0.771929824561	0.755555555556	0.736842105263
0.558823529412	0.566666666667	0.698412698413	0.689655172414	0.68085106383	0.606060606061
0.558823529412	0.533333333333	0.6875	0.779661016949	0.78431372549	0.810810810811
0.558823529412	0.526315789474	0.741935483871	0.754716981132	0.739130434783	0.685714285714
0.558823529412	0.666666666667	0.730158730159	0.771929824561	0.78431372549	0.731707317073
0.558823529412	0.5625	0.633333333333	0.701754385965	0.727272727273	0.764705882353
0.558823529412	0.773333333333	0.788732394366	0.786885245902	0.78431372549	0.816326530612
0.558823529412	0.5625	0.566666666667	0.528301886792	0.775510204082	0.790697674419
0.558823529412	0.533333333333	0.754098360656	0.814814814815	0.790697674419	0.789473684211
0.558823529412	0.571428571429	0.695652173913	0.709677419355	0.758620689655	0.78431372549
0.558823529412	0.542372881356	0.631578947368	0.740740740741	0.775510204082	0.761904761905
0.558823529412	0.5625	0.695652173913	0.633333333333	0.730769230769	0.731707317073
0.558823529412	0.753623188406	0.78125	0.80701754386	0.765957446809	0.829268292683
0.558823529412	0.542372881356	0.538461538462	0.625	0.727272727273	0.736842105263
0.558823529412	0.524590163934	0.688524590164	0.727272727273	0.651162790698	0.594594594595
0.558823529412	0.571428571429	0.709677419355	0.771929824561	0.755555555556	0.6875
0.558823529412	0.539682539683	0.707692307692	0.618181818182	0.68	0.666666666667
0.558823529412	0.686567164179	0.741935483871	0.740740740741	0.769230769231	0.790697674419
0.558823529412	0.533333333333	0.701754385965	0.793103448276	0.775510204082	0.780487804878
0.558823529412	0.55737704918	0.592592592593	0.576923076923	0.716981132075	0.723404255319
0.558823529412	0.553846153846	0.714285714286	0.642857142857	0.6	0.708333333333
0.558823529412	0.566666666667	0.645161290323	0.666666666667	0.652173913043	0.648648648649
0.558823529412	0.524590163934	0.535714285714	0.733333333333	0.769230769231	0.8
0.558823529412	0.567164179104	0.518518518519	0.677966101695	0.705882352941	0.727272727273
0.558823529412	0.55737704918	0.586206896552	0.758620689655	0.765957446809	0.789473684211
0.558823529412	0.553846153846	0.705882352941	0.741935483871	0.716981132075	0.711111111111
0.558823529412	0.612903225806	0.633333333333	0.65306122449	0.739130434783	0.717948717949
0.558823529412	0.716417910448	0.757575757576	0.758620689655	0.816326530612	0.829268292683
0.558823529412	0.539682539683	0.707692307692	0.714285714286	0.708333333333	0.780487804878
0.558823529412	0.646153846154	0.741935483871	0.705882352941	0.739130434783	0.702702702703
0.558823529412	0.553846153846	0.727272727273	0.766666666667	0.842105263158	0.8
0.558823529412	0.5625	0.716417910448	0.701754385965	0.705882352941	0.744186046512
0.558823529412	0.5	0.59649122807	0.678571428571	0.765957446809	0.780487804878
0.558823529412	0.548387096774	0.576271186441	0.59649122807	0.833333333333	0.84
0.558823529412	0.590163934426	0.633333333333	0.733333333333	0.76	0.837209302326
0.558823529412	0.548387096774	0.509090909091	0.62962962963	0.68085106383	0.790697674419
0.558823529412	0.542372881356	0.761904761905	0.758620689655	0.754716981132	0.808510638298
0.558823529412	0.5625	0.631578947368	0.588235294118	0.577777777778	0.634146341463
0.558823529412	0.48275862069	0.5	0.72131147541	0.754716981132	0.744186046512
0.558823529412	0.767123287671	0.746268656716	0.745762711864	0.708333333333	0.769230769231
0.558823529412	0.571428571429	0.746268656716	0.741935483871	0.777777777778	0.823529411765
0.558823529412	0.548387096774	0.753623188406	0.771929824561	0.731707317073	0.705882352941
0.558823529412	0.584615384615	0.8	0.771929824561	0.761904761905	0.787878787879
0.558823529412	0.548387096774	0.655737704918	0.714285714286	0.705882352941	0.755555555556
0.558823529412	0.777777777778	0.741935483871	0.730769230769	0.697674418605	0.645161290323
0.558823529412	0.615384615385	0.698412698413	0.641509433962	0.595744680851	0.585365853659
0.558823529412	0.742857142857	0.738461538462	0.716981132075	0.68085106383	0.666666666667
0.558823529412	0.732394366197	0.746268656716	0.786885245902	0.785714285714	0.782608695652
0.558823529412	0.75	0.75	0.763636363636	0.727272727273	0.722222222222
0.558823529412	0.526315789474	0.509803921569	0.63829787234	0.634146341463	0.588235294118
0.558823529412	0.53125	0.610169491525	0.603773584906	0.78431372549	0.75
0.558823529412	0.526315789474	0.56	0.545454545455	0.615384615385	0.645161290323
0.558823529412	0.695652173913	0.666666666667	0.72	0.7	0.736842105263
0.558823529412	0.553846153846	0.666666666667	0.688524590164	0.653846153846	0.666666666667
0.558823529412	0.548387096774	0.724637681159	0.72131147541	0.745098039216	0.731707317073
0.558823529412	0.567164179104	0.746268656716	0.779661016949	0.75	0.769230769231
0.558823529412	0.647058823529	0.735294117647	0.724137931034	0.72	0.755555555556
0.558823529412	0.567164179104	0.771428571429	0.771929824561	0.744186046512	0.833333333333
0.558823529412	0.548387096774	0.75	0.75	0.734693877551	0.714285714286
0.558823529412	0.575757575758	0.782608695652	0.766666666667	0.739130434783	0.761904761905
0.558823529412	0.508474576271	0.44	0.5	0.652173913043	0.761904761905
0.558823529412	0.615384615385	0.754098360656	0.740740740741	0.697674418605	0.666666666667
0.558823529412	0.55737704918	0.6	0.736842105263	0.716981132075	0.65
0.558823529412	0.5	0.607142857143	0.679245283019	0.65306122449	0.666666666667
0.558823529412	0.612903225806	0.581818181818	0.714285714286	0.723404255319	0.75
0.558823529412	0.566666666667	0.7	0.72	0.697674418605	0.727272727273
0.558823529412	0.763157894737	0.735294117647	0.714285714286	0.695652173913	0.711111111111
0.558823529412	0.59375	0.738461538462	0.714285714286	0.75	0.755555555556
0.558823529412	0.566666666667	0.5	0.690909090909	0.705882352941	0.739130434783
0.558823529412	0.553846153846	0.742857142857	0.689655172414	0.666666666667	0.648648648649
0.558823529412	0.575757575758	0.55737704918	0.655172413793	0.703703703704	0.75
0.558823529412	0.712328767123	0.738461538462	0.745762711864	0.777777777778	0.851063829787
