0.657534246575	0.69696969697	0.741935483871	0.740740740741	0.745098039216	0.731707317073
0.657534246575	0.676470588235	0.677966101695	0.642857142857	0.653846153846	0.615384615385
0.657534246575	0.634920634921	0.714285714286	0.68	0.666666666667	0.647058823529
0.657534246575	0.666666666667	0.6875	0.689655172414	0.68	0.651162790698
0.657534246575	0.65625	0.642857142857	0.679245283019	0.68085106383	0.736842105263
0.657534246575	0.676056338028	0.636363636364	0.622950819672	0.615384615385	0.585365853659
0.657534246575	0.695652173913	0.71875	0.740740740741	0.807692307692	0.829268292683
0.657534246575	0.666666666667	0.64406779661	0.603773584906	0.512820512821	0.466666666667
0.657534246575	0.69696969697	0.677966101695	0.716981132075	0.708333333333	0.731707317073
0.657534246575	0.695652173913	0.709677419355	0.736842105263	0.745098039216	0.717948717949
0.657534246575	0.666666666667	0.71875	0.71186440678	0.666666666667	0.666666666667
0.657534246575	0.695652173913	0.688524590164	0.64	0.666666666667	0.628571428571
0.657534246575	0.686567164179	0.677419354839	0.679245283019	0.636363636364	0.684210526316
0.657534246575	0.724637681159	0.757575757576	0.758620689655	0.814814814815	0.857142857143
0.657534246575	0.612903225806	0.610169491525	0.62962962963	0.708333333333	0.736842105263
0.657534246575	0.684931506849	0.686567164179	0.655172413793	0.68	0.682926829268
0.657534246575	0.707692307692	0.689655172414	0.703703703704	0.69387755102	0.594594594595
0.657534246575	0.647058823529	0.655737704918	0.666666666667	0.615384615385	0.652173913043
0.657534246575	0.686567164179	0.709677419355	0.69387755102	0.755555555556	0.780487804878
0.657534246575	0.676923076923	0.733333333333	0.705882352941	0.772727272727	0.764705882353
0.657534246575	0.714285714286	0.71186440678	0.666666666667	0.65	0.685714285714
0.657534246575	0.65625	0.655172413793	0.612244897959	0.604651162791	0.466666666667
0.657534246575	0.625	0.655172413793	0.653846153846	0.714285714286	0.705882352941
0.657534246575	0.65671641791	0.688524590164	0.68	0.666666666667	0.685714285714
0.657534246575	0.69696969697	0.689655172414	0.690909090909	0.65306122449	0.651162790698
0.657534246575	0.646153846154	0.642857142857	0.641509433962	0.681818181818	0.666666666667
0.657534246575	0.606060606061	0.610169491525	0.654545454545	0.68	0.666666666667
0.657534246575	0.603174603175	0.633333333333	0.666666666667	0.63829787234	0.651162790698
0.657534246575	0.617647058824	0.688524590164	0.692307692308	0.727272727273	0.702702702703
0.657534246575	0.65625	0.620689655172	0.615384615385	0.636363636364	0.606060606061
0.657534246575	0.646153846154	0.677419354839	0.714285714286	0.708333333333	0.742857142857
0.657534246575	0.666666666667	0.666666666667	0.65306122449	0.681818181818	0.647058823529
0.657534246575	0.676923076923	0.72131147541	0.75	0.78431372549	0.731707317073
0.657534246575	0.666666666667	0.655737704918	0.654545454545	0.666666666667	0.727272727273
0.657534246575	0.695652173913	0.738461538462	0.758620689655	0.734693877551	0.755555555556
0.657534246575	0.666666666667	0.65625	0.631578947368	0.695652173913	0.731707317073
0.657534246575	0.603174603175	0.724137931034	0.769230769231	0.731707317073	0.722222222222
0.657534246575	0.65671641791	0.676923076923	0.689655172414	0.679245283019	0.695652173913
0.657534246575	0.676923076923	0.7	0.692307692308	0.695652173913	0.666666666667
0.657534246575	0.685714285714	0.666666666667	0.655737704918	0.69387755102	0.7
0.657534246575	0.666666666667	0.677966101695	0.692307692308	0.681818181818	0.736842105263
0.657534246575	0.65625	0.666666666667	0.545454545455	0.666666666667	0.666666666667
0.657534246575	0.615384615385	0.631578947368	0.666666666667	0.619047619048	0.555555555556
0.657534246575	0.65671641791	0.677966101695	0.703703703704	0.666666666667	0.6
0.657534246575	0.666666666667	0.677419354839	0.666666666667	0.65306122449	0.594594594595
0.657534246575	0.6875	0.655172413793	0.64	0.69387755102	0.666666666667
0.657534246575	0.666666666667	0.714285714286	0.754716981132	0.739130434783	0.769230769231
0.657534246575	0.666666666667	0.618181818182	0.603773584906	0.65306122449	0.636363636364
0.657534246575	0.676056338028	0.666666666667	0.642857142857	0.6	0.622222222222
0.657534246575	0.676923076923	0.655737704918	0.627450980392	0.590909090909	0.571428571429
