0.692307692308	0.732394366197	0.769230769231	0.785714285714	0.792452830189	0.761904761905
0.692307692308	0.694444444444	0.71875	0.72131147541	0.703703703704	0.744186046512
0.692307692308	0.686567164179	0.758620689655	0.730769230769	0.727272727273	0.685714285714
0.692307692308	0.72	0.735294117647	0.741935483871	0.740740740741	0.723404255319
0.692307692308	0.695652173913	0.709677419355	0.758620689655	0.734693877551	0.863636363636
0.692307692308	0.710526315789	0.694444444444	0.716417910448	0.745762711864	0.681818181818
0.692307692308	0.746666666667	0.753623188406	0.793103448276	0.857142857143	0.863636363636
0.692307692308	0.714285714286	0.6875	0.642857142857	0.585365853659	0.516129032258
0.692307692308	0.732394366197	0.71875	0.727272727273	0.76	0.761904761905
0.692307692308	0.756756756757	0.757575757576	0.779661016949	0.769230769231	0.780487804878
0.692307692308	0.72	0.735294117647	0.75	0.705882352941	0.714285714286
0.692307692308	0.739726027397	0.709677419355	0.692307692308	0.727272727273	0.702702702703
0.692307692308	0.732394366197	0.727272727273	0.736842105263	0.708333333333	0.7
0.692307692308	0.756756756757	0.782608695652	0.819672131148	0.857142857143	0.901960784314
0.692307692308	0.705882352941	0.698412698413	0.724137931034	0.76	0.8
0.692307692308	0.717948717949	0.732394366197	0.709677419355	0.740740740741	0.755555555556
0.692307692308	0.724637681159	0.741935483871	0.771929824561	0.769230769231	0.7
0.692307692308	0.702702702703	0.69696969697	0.709677419355	0.678571428571	0.745098039216
0.692307692308	0.704225352113	0.707692307692	0.705882352941	0.791666666667	0.809523809524
0.692307692308	0.732394366197	0.78125	0.754716981132	0.782608695652	0.777777777778
0.692307692308	0.756756756757	0.761904761905	0.740740740741	0.772727272727	0.736842105263
0.692307692308	0.724637681159	0.72131147541	0.692307692308	0.695652173913	0.5625
0.692307692308	0.685714285714	0.655737704918	0.679245283019	0.744186046512	0.742857142857
0.692307692308	0.712328767123	0.707692307692	0.679245283019	0.651162790698	0.722222222222
0.692307692308	0.714285714286	0.688524590164	0.666666666667	0.64	0.636363636364
0.692307692308	0.694444444444	0.71186440678	0.714285714286	0.765957446809	0.777777777778
0.692307692308	0.666666666667	0.69696969697	0.7	0.740740740741	0.711111111111
0.692307692308	0.685714285714	0.707692307692	0.741935483871	0.745098039216	0.739130434783
0.692307692308	0.675675675676	0.738461538462	0.771929824561	0.755555555556	0.736842105263
0.692307692308	0.704225352113	0.666666666667	0.655172413793	0.68085106383	0.5625
0.692307692308	0.685714285714	0.727272727273	0.758620689655	0.78431372549	0.789473684211
0.692307692308	0.724637681159	0.72131147541	0.730769230769	0.711111111111	0.685714285714
0.692307692308	0.705882352941	0.730158730159	0.771929824561	0.78431372549	0.731707317073
0.692307692308	0.712328767123	0.738461538462	0.724137931034	0.727272727273	0.764705882353
0.692307692308	0.746666666667	0.771428571429	0.786885245902	0.769230769231	0.791666666667
0.692307692308	0.72972972973	0.724637681159	0.72131147541	0.775510204082	0.790697674419
0.692307692308	0.647058823529	0.741935483871	0.8	0.772727272727	0.769230769231
0.692307692308	0.694444444444	0.714285714286	0.730158730159	0.758620689655	0.78431372549
0.692307692308	0.732394366197	0.75	0.75	0.76	0.744186046512
0.692307692308	0.736842105263	0.704225352113	0.707692307692	0.730769230769	0.744186046512
0.692307692308	0.735294117647	0.78125	0.793103448276	0.75	0.75
0.692307692308	0.695652173913	0.688524590164	0.65306122449	0.697674418605	0.736842105263
0.692307692308	0.657142857143	0.709677419355	0.727272727273	0.651162790698	0.594594594595
0.692307692308	0.712328767123	0.709677419355	0.75	0.755555555556	0.6875
0.692307692308	0.702702702703	0.746268656716	0.774193548387	0.730769230769	0.7
0.692307692308	0.705882352941	0.72131147541	0.716981132075	0.769230769231	0.761904761905
0.692307692308	0.722222222222	0.733333333333	0.771929824561	0.775510204082	0.761904761905
0.692307692308	0.722222222222	0.688524590164	0.689655172414	0.716981132075	0.75
0.692307692308	0.693333333333	0.732394366197	0.7	0.666666666667	0.68085106383
0.692307692308	0.695652173913	0.6875	0.666666666667	0.652173913043	0.648648648649
0.692307692308	0.694444444444	0.746268656716	0.733333333333	0.769230769231	0.8
0.692307692308	0.717948717949	0.727272727273	0.72131147541	0.705882352941	0.727272727273
0.692307692308	0.722222222222	0.6875	0.736842105263	0.765957446809	0.756756756757
0.692307692308	0.675675675676	0.742857142857	0.741935483871	0.716981132075	0.711111111111
0.692307692308	0.666666666667	0.677419354839	0.65306122449	0.739130434783	0.717948717949
0.692307692308	0.742857142857	0.757575757576	0.758620689655	0.816326530612	0.829268292683
0.692307692308	0.702702702703	0.707692307692	0.701754385965	0.708333333333	0.780487804878
0.692307692308	0.714285714286	0.730158730159	0.692307692308	0.739130434783	0.702702702703
0.692307692308	0.710526315789	0.727272727273	0.766666666667	0.827586206897	0.782608695652
0.692307692308	0.72	0.686567164179	0.701754385965	0.705882352941	0.727272727273
0.692307692308	0.666666666667	0.645161290323	0.642857142857	0.723404255319	0.780487804878
0.692307692308	0.694444444444	0.735294117647	0.794117647059	0.833333333333	0.84
0.692307692308	0.714285714286	0.727272727273	0.733333333333	0.76	0.780487804878
0.692307692308	0.694444444444	0.676923076923	0.689655172414	0.666666666667	0.790697674419
0.692307692308	0.732394366197	0.761904761905	0.758620689655	0.754716981132	0.808510638298
0.692307692308	0.702702702703	0.730158730159	0.701754385965	0.69387755102	0.666666666667
0.692307692308	0.685714285714	0.65625	0.741935483871	0.730769230769	0.744186046512
0.692307692308	0.75	0.727272727273	0.745762711864	0.708333333333	0.769230769231
0.692307692308	0.694444444444	0.746268656716	0.741935483871	0.754716981132	0.775510204082
0.692307692308	0.72972972973	0.753623188406	0.75	0.7	0.666666666667
0.692307692308	0.736842105263	0.788732394366	0.771929824561	0.761904761905	0.764705882353
0.692307692308	0.694444444444	0.764705882353	0.714285714286	0.705882352941	0.727272727273
0.692307692308	0.760563380282	0.72131147541	0.705882352941	0.666666666667	0.645161290323
0.692307692308	0.704225352113	0.698412698413	0.641509433962	0.595744680851	0.585365853659
0.692307692308	0.742857142857	0.738461538462	0.703703703704	0.68085106383	0.666666666667
0.692307692308	0.732394366197	0.746268656716	0.786885245902	0.785714285714	0.782608695652
0.692307692308	0.722222222222	0.730158730159	0.727272727273	0.697674418605	0.722222222222
0.692307692308	0.646153846154	0.631578947368	0.63829787234	0.634146341463	0.588235294118
0.692307692308	0.684931506849	0.698412698413	0.724137931034	0.78431372549	0.75
0.692307692308	0.676923076923	0.666666666667	0.63829787234	0.615384615385	0.645161290323
0.692307692308	0.695652173913	0.666666666667	0.72	0.7	0.736842105263
0.692307692308	0.675675675676	0.705882352941	0.688524590164	0.653846153846	0.666666666667
0.692307692308	0.72972972973	0.724637681159	0.72131147541	0.745098039216	0.731707317073
0.692307692308	0.727272727273	0.746268656716	0.779661016949	0.75	0.769230769231
0.692307692308	0.736842105263	0.735294117647	0.724137931034	0.72	0.755555555556
0.692307692308	0.693333333333	0.753623188406	0.771929824561	0.744186046512	0.833333333333
0.692307692308	0.712328767123	0.738461538462	0.714285714286	0.69387755102	0.666666666667
0.692307692308	0.710526315789	0.764705882353	0.745762711864	0.739130434783	0.761904761905
0.692307692308	0.685714285714	0.666666666667	0.666666666667	0.622222222222	0.761904761905
0.692307692308	0.704225352113	0.72131147541	0.740740740741	0.697674418605	0.666666666667
0.692307692308	0.704225352113	0.705882352941	0.736842105263	0.716981132075	0.65
0.692307692308	0.694444444444	0.709677419355	0.714285714286	0.692307692308	0.666666666667
0.692307692308	0.714285714286	0.688524590164	0.714285714286	0.68085106383	0.7
0.692307692308	0.714285714286	0.7	0.69387755102	0.666666666667	0.666666666667
0.692307692308	0.763157894737	0.735294117647	0.714285714286	0.695652173913	0.711111111111
0.692307692308	0.72972972973	0.738461538462	0.714285714286	0.723404255319	0.727272727273
0.692307692308	0.714285714286	0.677419354839	0.678571428571	0.68	0.711111111111
0.692307692308	0.693333333333	0.742857142857	0.71186440678	0.666666666667	0.648648648649
0.692307692308	0.684931506849	0.686567164179	0.7	0.679245283019	0.75
0.692307692308	0.72972972973	0.738461538462	0.745762711864	0.777777777778	0.8
