0.857142857143	0.886363636364	0.886075949367	0.892307692308	0.9	0.897959183673
0.857142857143	0.883720930233	0.909090909091	0.904109589041	0.909090909091	0.88
0.857142857143	0.878048780488	0.882352941176	0.885245901639	0.884615384615	0.857142857143
0.857142857143	0.860465116279	0.853333333333	0.852941176471	0.892307692308	0.912280701754
0.857142857143	0.867469879518	0.849315068493	0.857142857143	0.862068965517	0.869565217391
0.857142857143	0.850574712644	0.843373493976	0.886075949367	0.865671641791	0.846153846154
0.857142857143	0.873563218391	0.860759493671	0.870967741935	0.912280701754	0.909090909091
0.857142857143	0.867469879518	0.857142857143	0.852941176471	0.846153846154	0.8
0.857142857143	0.878048780488	0.864864864865	0.848484848485	0.912280701754	0.916666666667
0.857142857143	0.883720930233	0.897435897436	0.914285714286	0.903225806452	0.875
0.857142857143	0.876404494382	0.875	0.864864864865	0.852459016393	0.816326530612
0.857142857143	0.853658536585	0.864864864865	0.838709677419	0.84	0.837209302326
0.857142857143	0.880952380952	0.871794871795	0.89552238806	0.896551724138	0.897959183673
0.857142857143	0.898876404494	0.9	0.914285714286	0.918032786885	0.962962962963
0.857142857143	0.831168831169	0.868421052632	0.885714285714	0.918032786885	0.916666666667
0.857142857143	0.903225806452	0.928571428571	0.918918918919	0.920634920635	0.923076923077
0.857142857143	0.89156626506	0.904109589041	0.892307692308	0.881355932203	0.851063829787
0.857142857143	0.888888888889	0.871794871795	0.876712328767	0.865671641791	0.866666666667
0.857142857143	0.883720930233	0.888888888889	0.881355932203	0.909090909091	0.916666666667
0.857142857143	0.835443037975	0.840579710145	0.847457627119	0.833333333333	0.789473684211
0.857142857143	0.883720930233	0.888888888889	0.870967741935	0.857142857143	0.85
0.857142857143	0.888888888889	0.87323943662	0.852459016393	0.836363636364	0.780487804878
0.857142857143	0.883720930233	0.868421052632	0.838709677419	0.943396226415	0.93023255814
0.857142857143	0.843373493976	0.871794871795	0.84375	0.823529411765	0.820512820513
0.857142857143	0.864197530864	0.845070422535	0.835820895522	0.833333333333	0.872727272727
0.857142857143	0.870588235294	0.869565217391	0.892307692308	0.862745098039	0.871794871795
0.857142857143	0.847058823529	0.826666666667	0.857142857143	0.870967741935	0.884615384615
0.857142857143	0.83950617284	0.883116883117	0.876712328767	0.866666666667	0.892857142857
0.857142857143	0.850574712644	0.909090909091	0.909090909091	0.884615384615	0.863636363636
0.857142857143	0.894117647059	0.868421052632	0.888888888889	0.915254237288	0.883720930233
0.857142857143	0.83950617284	0.875	0.869565217391	0.881355932203	0.829268292683
0.857142857143	0.89156626506	0.876712328767	0.918032786885	0.905660377358	0.878048780488
0.857142857143	0.886075949367	0.904109589041	0.909090909091	0.912280701754	0.893617021277
0.857142857143	0.896551724138	0.883116883117	0.869565217391	0.923076923077	0.894736842105
0.857142857143	0.896551724138	0.888888888889	0.865671641791	0.862068965517	0.846153846154
0.857142857143	0.886363636364	0.89156626506	0.906666666667	0.896551724138	0.92
0.857142857143	0.83950617284	0.883116883117	0.909090909091	0.92	0.909090909091
0.857142857143	0.843373493976	0.846153846154	0.921052631579	0.911764705882	0.896551724138
0.857142857143	0.894117647059	0.894736842105	0.878787878788	0.9	0.884615384615
0.857142857143	0.888888888889	0.880952380952	0.871794871795	0.870967741935	0.857142857143
0.857142857143	0.875	0.876712328767	0.892307692308	0.872727272727	0.844444444444
0.857142857143	0.864197530864	0.845070422535	0.888888888889	0.892857142857	0.913043478261
0.857142857143	0.843373493976	0.828571428571	0.84375	0.807692307692	0.782608695652
0.857142857143	0.886363636364	0.876712328767	0.875	0.901960784314	0.864864864865
0.857142857143	0.883720930233	0.894736842105	0.914285714286	0.9	0.897959183673
0.857142857143	0.878048780488	0.868421052632	0.865671641791	0.888888888889	0.884615384615
0.857142857143	0.906976744186	0.914285714286	0.90625	0.912280701754	0.893617021277
0.857142857143	0.880952380952	0.861111111111	0.852941176471	0.833333333333	0.823529411765
0.857142857143	0.891304347826	0.873563218391	0.891891891892	0.882352941176	0.862068965517
0.857142857143	0.867469879518	0.857142857143	0.84375	0.836363636364	0.844444444444
0.857142857143	0.843373493976	0.883116883117	0.869565217391	0.881355932203	0.88
0.857142857143	0.881720430108	0.886075949367	0.876712328767	0.888888888889	0.888888888889
0.857142857143	0.883720930233	0.886075949367	0.869565217391	0.862068965517	0.888888888889
0.857142857143	0.850574712644	0.89156626506	0.864864864865	0.870967741935	0.846153846154
0.857142857143	0.888888888889	0.88	0.881355932203	0.862745098039	0.780487804878
0.857142857143	0.846153846154	0.833333333333	0.848484848485	0.912280701754	0.916666666667
0.857142857143	0.857142857143	0.833333333333	0.84375	0.872727272727	0.913043478261
0.857142857143	0.880952380952	0.891891891892	0.870967741935	0.928571428571	0.913043478261
0.857142857143	0.850574712644	0.857142857143	0.835820895522	0.852459016393	0.816326530612
0.857142857143	0.847058823529	0.871794871795	0.882352941176	0.885245901639	0.862745098039
0.857142857143	0.831168831169	0.816901408451	0.830769230769	0.888888888889	0.893617021277
0.857142857143	0.886363636364	0.925	0.935064935065	0.923076923077	0.905660377358
0.857142857143	0.873563218391	0.878048780488	0.876712328767	0.896551724138	0.893617021277
0.857142857143	0.873563218391	0.868421052632	0.865671641791	0.857142857143	0.916666666667
0.857142857143	0.85	0.852941176471	0.875	0.862068965517	0.88
0.857142857143	0.847058823529	0.861111111111	0.848484848485	0.842105263158	0.84
0.857142857143	0.853658536585	0.857142857143	0.888888888889	0.866666666667	0.84
0.857142857143	0.880952380952	0.871794871795	0.869565217391	0.842105263158	0.809523809524
0.857142857143	0.873563218391	0.883116883117	0.888888888889	0.881355932203	0.867924528302
0.857142857143	0.843373493976	0.888888888889	0.875	0.826086956522	0.820512820513
0.857142857143	0.847058823529	0.9	0.892307692308	0.851063829787	0.810810810811
0.857142857143	0.886363636364	0.913580246914	0.898550724638	0.920634920635	0.925925925926
0.857142857143	0.883720930233	0.868421052632	0.84375	0.84	0.810810810811
0.857142857143	0.83950617284	0.816901408451	0.8	0.777777777778	0.823529411765
0.857142857143	0.831168831169	0.864864864865	0.852459016393	0.851851851852	0.869565217391
0.857142857143	0.904761904762	0.936708860759	0.942857142857	0.9375	0.943396226415
0.857142857143	0.886363636364	0.871794871795	0.848484848485	0.846153846154	0.857142857143
0.857142857143	0.831168831169	0.805970149254	0.862068965517	0.857142857143	0.829268292683
0.857142857143	0.870588235294	0.906666666667	0.911764705882	0.912280701754	0.888888888889
0.857142857143	0.857142857143	0.861538461538	0.857142857143	0.875	0.864864864865
0.857142857143	0.835443037975	0.818181818182	0.821428571429	0.893617021277	0.909090909091
0.857142857143	0.850574712644	0.864197530864	0.849315068493	0.838709677419	0.808510638298
0.857142857143	0.843373493976	0.831168831169	0.857142857143	0.877192982456	0.869565217391
0.857142857143	0.891304347826	0.9	0.927536231884	0.928571428571	0.909090909091
0.857142857143	0.870588235294	0.883116883117	0.865671641791	0.862068965517	0.88
0.857142857143	0.863636363636	0.9	0.870967741935	0.875	0.894736842105
0.857142857143	0.857142857143	0.876712328767	0.857142857143	0.836363636364	0.808510638298
0.857142857143	0.850574712644	0.871794871795	0.852941176471	0.846153846154	0.893617021277
0.857142857143	0.883720930233	0.845070422535	0.909090909091	0.892857142857	0.916666666667
0.857142857143	0.883720930233	0.853333333333	0.857142857143	0.823529411765	0.789473684211
0.857142857143	0.898876404494	0.894117647059	0.885714285714	0.878787878788	0.875
0.857142857143	0.857142857143	0.861111111111	0.878787878788	0.870967741935	0.84
0.857142857143	0.864197530864	0.845070422535	0.825396825397	0.830188679245	0.844444444444
0.857142857143	0.880952380952	0.861111111111	0.827586206897	0.830188679245	0.8
0.857142857143	0.886363636364	0.875	0.865671641791	0.836363636364	0.867924528302
0.857142857143	0.909090909091	0.883116883117	0.878787878788	0.851851851852	0.84
0.857142857143	0.904761904762	0.906666666667	0.89552238806	0.9	0.945454545455
0.857142857143	0.850574712644	0.880952380952	0.888888888889	0.862068965517	0.888888888889
0.857142857143	0.870588235294	0.871794871795	0.869565217391	0.852459016393	0.872727272727
0.857142857143	0.886363636364	0.886075949367	0.927536231884	0.935483870968	0.941176470588
