0.884210526316	0.894117647059	0.886075949367	0.892307692308	0.9	0.897959183673
0.884210526316	0.909090909091	0.909090909091	0.904109589041	0.909090909091	0.88
0.884210526316	0.878048780488	0.882352941176	0.885245901639	0.884615384615	0.857142857143
0.884210526316	0.876404494382	0.871794871795	0.87323943662	0.90625	0.912280701754
0.884210526316	0.867469879518	0.849315068493	0.882352941176	0.862068965517	0.869565217391
0.884210526316	0.879120879121	0.870588235294	0.886075949367	0.865671641791	0.846153846154
0.884210526316	0.873563218391	0.860759493671	0.870967741935	0.896551724138	0.888888888889
0.884210526316	0.867469879518	0.857142857143	0.852941176471	0.846153846154	0.8
0.884210526316	0.878048780488	0.864864864865	0.861538461538	0.912280701754	0.916666666667
0.884210526316	0.883720930233	0.897435897436	0.898550724638	0.885245901639	0.851063829787
0.884210526316	0.876404494382	0.875	0.864864864865	0.852459016393	0.816326530612
0.884210526316	0.870588235294	0.864864864865	0.838709677419	0.84	0.837209302326
0.884210526316	0.880952380952	0.871794871795	0.89552238806	0.896551724138	0.897959183673
0.884210526316	0.896551724138	0.9	0.914285714286	0.918032786885	0.962962962963
0.884210526316	0.864197530864	0.868421052632	0.885714285714	0.918032786885	0.916666666667
0.884210526316	0.891304347826	0.917647058824	0.906666666667	0.90625	0.905660377358
0.884210526316	0.89156626506	0.891891891892	0.892307692308	0.881355932203	0.851063829787
0.884210526316	0.888888888889	0.871794871795	0.876712328767	0.865671641791	0.866666666667
0.884210526316	0.883720930233	0.886075949367	0.866666666667	0.909090909091	0.916666666667
0.884210526316	0.867469879518	0.857142857143	0.847457627119	0.816326530612	0.789473684211
0.884210526316	0.883720930233	0.876712328767	0.857142857143	0.84	0.829268292683
0.884210526316	0.878048780488	0.861111111111	0.838709677419	0.836363636364	0.780487804878
0.884210526316	0.883720930233	0.868421052632	0.861538461538	0.943396226415	0.93023255814
0.884210526316	0.873563218391	0.871794871795	0.84375	0.8	0.8
0.884210526316	0.894117647059	0.876712328767	0.869565217391	0.870967741935	0.872727272727
0.884210526316	0.870588235294	0.857142857143	0.878787878788	0.846153846154	0.871794871795
0.884210526316	0.873563218391	0.857142857143	0.840579710145	0.870967741935	0.884615384615
0.884210526316	0.870588235294	0.871794871795	0.876712328767	0.866666666667	0.892857142857
0.884210526316	0.876404494382	0.909090909091	0.909090909091	0.884615384615	0.863636363636
0.884210526316	0.880952380952	0.868421052632	0.888888888889	0.896551724138	0.857142857143
0.884210526316	0.870588235294	0.875	0.882352941176	0.881355932203	0.829268292683
0.884210526316	0.89156626506	0.876712328767	0.918032786885	0.905660377358	0.878048780488
0.884210526316	0.888888888889	0.891891891892	0.909090909091	0.912280701754	0.893617021277
0.884210526316	0.886363636364	0.883116883117	0.869565217391	0.905660377358	0.871794871795
0.884210526316	0.883720930233	0.875	0.865671641791	0.842105263158	0.846153846154
0.884210526316	0.886363636364	0.89156626506	0.906666666667	0.896551724138	0.901960784314
0.884210526316	0.870588235294	0.906666666667	0.923076923077	0.92	0.909090909091
0.884210526316	0.873563218391	0.864197530864	0.906666666667	0.89552238806	0.896551724138
0.884210526316	0.894117647059	0.894736842105	0.878787878788	0.881355932203	0.862745098039
0.884210526316	0.888888888889	0.880952380952	0.871794871795	0.852459016393	0.857142857143
0.884210526316	0.875	0.876712328767	0.875	0.851851851852	0.844444444444
0.884210526316	0.894117647059	0.88	0.888888888889	0.909090909091	0.913043478261
0.884210526316	0.873563218391	0.849315068493	0.84375	0.807692307692	0.782608695652
0.884210526316	0.886363636364	0.864864864865	0.875	0.901960784314	0.864864864865
0.884210526316	0.873563218391	0.883116883117	0.901408450704	0.885245901639	0.897959183673
0.884210526316	0.878048780488	0.891891891892	0.878787878788	0.888888888889	0.884615384615
0.884210526316	0.883720930233	0.901408450704	0.892307692308	0.912280701754	0.893617021277
0.884210526316	0.880952380952	0.861111111111	0.852941176471	0.833333333333	0.823529411765
0.884210526316	0.891304347826	0.894117647059	0.876712328767	0.865671641791	0.842105263158
0.884210526316	0.867469879518	0.857142857143	0.825396825397	0.836363636364	0.844444444444
0.884210526316	0.873563218391	0.883116883117	0.869565217391	0.881355932203	0.88
0.884210526316	0.881720430108	0.886075949367	0.876712328767	0.888888888889	0.888888888889
0.884210526316	0.883720930233	0.871794871795	0.869565217391	0.857142857143	0.888888888889
0.884210526316	0.879120879121	0.878048780488	0.864864864865	0.870967741935	0.846153846154
0.884210526316	0.888888888889	0.88	0.881355932203	0.862745098039	0.837209302326
0.884210526316	0.864197530864	0.853333333333	0.848484848485	0.912280701754	0.916666666667
0.884210526316	0.873563218391	0.853333333333	0.848484848485	0.872727272727	0.893617021277
0.884210526316	0.880952380952	0.891891891892	0.870967741935	0.888888888889	0.888888888889
0.884210526316	0.879120879121	0.857142857143	0.835820895522	0.852459016393	0.816326530612
0.884210526316	0.873563218391	0.857142857143	0.865671641791	0.885245901639	0.862745098039
0.884210526316	0.864197530864	0.853333333333	0.865671641791	0.888888888889	0.893617021277
0.884210526316	0.886363636364	0.925	0.923076923077	0.923076923077	0.905660377358
0.884210526316	0.894117647059	0.9	0.888888888889	0.896551724138	0.893617021277
0.884210526316	0.873563218391	0.883116883117	0.865671641791	0.857142857143	0.916666666667
0.884210526316	0.867469879518	0.869565217391	0.875	0.862068965517	0.88
0.884210526316	0.876404494382	0.891891891892	0.882352941176	0.862068965517	0.884615384615
0.884210526316	0.870588235294	0.871794871795	0.876712328767	0.852459016393	0.84
0.884210526316	0.880952380952	0.871794871795	0.869565217391	0.842105263158	0.809523809524
0.884210526316	0.873563218391	0.883116883117	0.888888888889	0.881355932203	0.867924528302
0.884210526316	0.873563218391	0.875	0.861538461538	0.808510638298	0.8
0.884210526316	0.876404494382	0.875	0.878787878788	0.833333333333	0.789473684211
0.884210526316	0.886363636364	0.913580246914	0.898550724638	0.903225806452	0.925925925926
0.884210526316	0.89156626506	0.876712328767	0.838709677419	0.84	0.810810810811
0.884210526316	0.870588235294	0.853333333333	0.825396825397	0.80701754386	0.823529411765
0.884210526316	0.864197530864	0.864864864865	0.852459016393	0.851851851852	0.869565217391
0.884210526316	0.904761904762	0.936708860759	0.942857142857	0.9375	0.943396226415
0.884210526316	0.894117647059	0.88	0.857142857143	0.846153846154	0.857142857143
0.884210526316	0.864197530864	0.845070422535	0.847457627119	0.84	0.809523809524
0.884210526316	0.886363636364	0.894736842105	0.911764705882	0.912280701754	0.888888888889
0.884210526316	0.871794871795	0.882352941176	0.881355932203	0.857142857143	0.842105263158
0.884210526316	0.867469879518	0.840579710145	0.847457627119	0.875	0.888888888889
0.884210526316	0.879120879121	0.864197530864	0.849315068493	0.825396825397	0.808510638298
0.884210526316	0.873563218391	0.864197530864	0.857142857143	0.877192982456	0.869565217391
0.884210526316	0.891304347826	0.9	0.911764705882	0.909090909091	0.909090909091
0.884210526316	0.886363636364	0.871794871795	0.865671641791	0.862068965517	0.88
0.884210526316	0.879120879121	0.888888888889	0.875	0.857142857143	0.894736842105
0.884210526316	0.873563218391	0.864864864865	0.857142857143	0.836363636364	0.808510638298
0.884210526316	0.879120879121	0.871794871795	0.852941176471	0.830188679245	0.875
0.884210526316	0.883720930233	0.864864864865	0.909090909091	0.892857142857	0.916666666667
0.884210526316	0.883720930233	0.876712328767	0.857142857143	0.823529411765	0.789473684211
0.884210526316	0.909090909091	0.904761904762	0.898550724638	0.892307692308	0.857142857143
0.884210526316	0.883720930233	0.891891891892	0.878787878788	0.870967741935	0.84
0.884210526316	0.880952380952	0.864864864865	0.848484848485	0.814814814815	0.844444444444
0.884210526316	0.880952380952	0.861111111111	0.827586206897	0.823529411765	0.8
0.884210526316	0.886363636364	0.875	0.865671641791	0.836363636364	0.867924528302
0.884210526316	0.898876404494	0.883116883117	0.878787878788	0.851851851852	0.84
0.884210526316	0.904761904762	0.906666666667	0.89552238806	0.9	0.925925925926
0.884210526316	0.879120879121	0.880952380952	0.888888888889	0.885245901639	0.869565217391
0.884210526316	0.883720930233	0.886075949367	0.888888888889	0.875	0.872727272727
0.884210526316	0.886363636364	0.897435897436	0.927536231884	0.935483870968	0.941176470588
