0.853333333333	0.862962962963	0.870833333333	0.871428571429	0.872222222222	0.873333333333
0.853333333333	0.859259259259	0.854166666667	0.861904761905	0.866666666667	0.873333333333
0.853333333333	0.844444444444	0.85	0.852380952381	0.85	0.86
0.853333333333	0.840740740741	0.85	0.857142857143	0.872222222222	0.86
0.853333333333	0.848148148148	0.85	0.828571428571	0.822222222222	0.82
0.853333333333	0.851851851852	0.841666666667	0.833333333333	0.838888888889	0.833333333333
0.853333333333	0.866666666667	0.8625	0.861904761905	0.877777777778	0.88
0.853333333333	0.855555555556	0.8625	0.852380952381	0.855555555556	0.86
0.853333333333	0.855555555556	0.841666666667	0.847619047619	0.827777777778	0.833333333333
0.853333333333	0.87037037037	0.8625	0.880952380952	0.872222222222	0.873333333333
