0.856666666667	0.866666666667	0.875	0.87619047619	0.877777777778	0.873333333333
0.856666666667	0.866666666667	0.866666666667	0.871428571429	0.872222222222	0.88
0.856666666667	0.844444444444	0.85	0.852380952381	0.85	0.86
0.856666666667	0.851851851852	0.858333333333	0.857142857143	0.866666666667	0.853333333333
0.856666666667	0.851851851852	0.85	0.838095238095	0.838888888889	0.826666666667
0.856666666667	0.855555555556	0.845833333333	0.838095238095	0.85	0.833333333333
0.856666666667	0.866666666667	0.8625	0.861904761905	0.877777777778	0.88
0.856666666667	0.862962962963	0.870833333333	0.857142857143	0.85	0.86
0.856666666667	0.859259259259	0.85	0.857142857143	0.838888888889	0.833333333333
0.856666666667	0.87037037037	0.8625	0.87619047619	0.872222222222	0.873333333333
