0.86	0.866666666667	0.870833333333	0.880952380952	0.877777777778	0.886666666667
0.86	0.866666666667	0.8625	0.861904761905	0.866666666667	0.873333333333
0.86	0.851851851852	0.854166666667	0.857142857143	0.861111111111	0.866666666667
0.86	0.855555555556	0.858333333333	0.857142857143	0.872222222222	0.86
0.86	0.859259259259	0.858333333333	0.842857142857	0.833333333333	0.826666666667
0.86	0.851851851852	0.845833333333	0.838095238095	0.844444444444	0.84
0.86	0.87037037037	0.8625	0.857142857143	0.872222222222	0.873333333333
0.86	0.862962962963	0.866666666667	0.857142857143	0.861111111111	0.866666666667
0.86	0.859259259259	0.841666666667	0.847619047619	0.827777777778	0.833333333333
0.86	0.87037037037	0.8625	0.880952380952	0.872222222222	0.873333333333
