0.835192069393	0.830811554333	0.828173374613	0.828318584071	0.830927835052	0.831683168317
0.835192069393	0.830811554333	0.832817337461	0.83185840708	0.828865979381	0.839108910891
0.835192069393	0.836313617607	0.835913312693	0.828318584071	0.826804123711	0.831683168317
0.835192069393	0.825309491059	0.825077399381	0.823008849558	0.818556701031	0.816831683168
0.835192069393	0.832187070151	0.834365325077	0.828318584071	0.812371134021	0.824257425743
0.835192069393	0.83356258597	0.840557275542	0.840707964602	0.849484536082	0.844059405941
0.835192069393	0.829436038514	0.834365325077	0.838938053097	0.839175257732	0.834158415842
0.835192069393	0.837689133425	0.84520123839	0.840707964602	0.837113402062	0.841584158416
0.835192069393	0.832187070151	0.828173374613	0.838938053097	0.845360824742	0.84900990099
0.835192069393	0.836313617607	0.835913312693	0.837168141593	0.830927835052	0.829207920792
0.835192069393	0.83356258597	0.834365325077	0.846017699115	0.845360824742	0.839108910891
0.835192069393	0.836313617607	0.840557275542	0.840707964602	0.830927835052	0.84900990099
0.835192069393	0.837689133425	0.829721362229	0.817699115044	0.812371134021	0.79702970297
0.835192069393	0.840440165062	0.846749226006	0.846017699115	0.843298969072	0.829207920792
0.835192069393	0.839064649243	0.839009287926	0.833628318584	0.835051546392	0.831683168317
0.835192069393	0.836313617607	0.839009287926	0.842477876106	0.839175257732	0.844059405941
0.835192069393	0.828060522696	0.8173374613	0.81592920354	0.80824742268	0.811881188119
0.835192069393	0.832187070151	0.834365325077	0.837168141593	0.847422680412	0.84900990099
0.835192069393	0.839064649243	0.835913312693	0.83185840708	0.835051546392	0.836633663366
0.835192069393	0.839064649243	0.839009287926	0.840707964602	0.835051546392	0.836633663366
0.835192069393	0.83356258597	0.834365325077	0.838938053097	0.832989690722	0.834158415842
0.835192069393	0.836313617607	0.831269349845	0.83185840708	0.824742268041	0.841584158416
0.835192069393	0.836313617607	0.840557275542	0.837168141593	0.830927835052	0.824257425743
0.835192069393	0.839064649243	0.834365325077	0.840707964602	0.841237113402	0.831683168317
0.835192069393	0.839064649243	0.829721362229	0.83185840708	0.828865979381	0.821782178218
0.835192069393	0.839064649243	0.832817337461	0.830088495575	0.837113402062	0.846534653465
0.835192069393	0.83356258597	0.832817337461	0.837168141593	0.826804123711	0.826732673267
0.835192069393	0.83356258597	0.832817337461	0.833628318584	0.832989690722	0.824257425743
0.835192069393	0.839064649243	0.83746130031	0.837168141593	0.843298969072	0.844059405941
0.835192069393	0.83356258597	0.839009287926	0.846017699115	0.855670103093	0.861386138614
0.835192069393	0.830811554333	0.828173374613	0.821238938053	0.822680412371	0.826732673267
0.835192069393	0.834938101788	0.831269349845	0.830088495575	0.826804123711	0.819306930693
0.835192069393	0.839064649243	0.840557275542	0.838938053097	0.847422680412	0.856435643564
0.835192069393	0.834938101788	0.840557275542	0.833628318584	0.835051546392	0.841584158416
0.835192069393	0.836313617607	0.826625386997	0.828318584071	0.818556701031	0.809405940594
0.835192069393	0.834938101788	0.829721362229	0.833628318584	0.841237113402	0.834158415842
0.835192069393	0.837689133425	0.840557275542	0.846017699115	0.841237113402	0.826732673267
0.835192069393	0.829436038514	0.828173374613	0.837168141593	0.837113402062	0.844059405941
0.835192069393	0.834938101788	0.831269349845	0.824778761062	0.824742268041	0.811881188119
0.835192069393	0.832187070151	0.835913312693	0.833628318584	0.843298969072	0.84900990099
0.835192069393	0.828060522696	0.829721362229	0.837168141593	0.828865979381	0.836633663366
0.835192069393	0.83356258597	0.832817337461	0.837168141593	0.843298969072	0.861386138614
0.835192069393	0.834938101788	0.832817337461	0.835398230088	0.841237113402	0.841584158416
0.835192069393	0.829436038514	0.829721362229	0.826548672566	0.826804123711	0.829207920792
0.835192069393	0.83356258597	0.835913312693	0.837168141593	0.837113402062	0.841584158416
0.835192069393	0.840440165062	0.840557275542	0.840707964602	0.841237113402	0.85396039604
0.835192069393	0.83356258597	0.829721362229	0.826548672566	0.824742268041	0.824257425743
0.835192069393	0.834938101788	0.831269349845	0.838938053097	0.835051546392	0.834158415842
0.835192069393	0.829436038514	0.826625386997	0.826548672566	0.828865979381	0.839108910891
0.835192069393	0.836313617607	0.840557275542	0.833628318584	0.832989690722	0.824257425743
