0.817843866171	0.814305364512	0.80959752322	0.814159292035	0.812371134021	0.814356435644
0.82156133829	0.810178817056	0.803405572755	0.807079646018	0.812371134021	0.816831683168
0.817843866171	0.819807427785	0.821981424149	0.810619469027	0.820618556701	0.819306930693
0.819083023544	0.810178817056	0.806501547988	0.803539823009	0.79793814433	0.80198019802
0.82156133829	0.811554332875	0.814241486068	0.807079646018	0.79381443299	0.804455445545
0.82156133829	0.817056396149	0.825077399381	0.830088495575	0.837113402062	0.829207920792
0.817843866171	0.811554332875	0.814241486068	0.821238938053	0.814432989691	0.809405940594
0.819083023544	0.825309491059	0.825077399381	0.821238938053	0.820618556701	0.824257425743
0.819083023544	0.818431911967	0.815789473684	0.821238938053	0.822680412371	0.826732673267
0.819083023544	0.821182943604	0.820433436533	0.81592920354	0.80618556701	0.806930693069
0.82156133829	0.812929848693	0.820433436533	0.823008849558	0.826804123711	0.816831683168
0.82156133829	0.817056396149	0.8173374613	0.814159292035	0.80618556701	0.824257425743
0.82156133829	0.821182943604	0.80959752322	0.8	0.789690721649	0.779702970297
0.82156133829	0.825309491059	0.828173374613	0.826548672566	0.822680412371	0.819306930693
0.819083023544	0.819807427785	0.818885448916	0.810619469027	0.812371134021	0.814356435644
0.819083023544	0.819807427785	0.826625386997	0.828318584071	0.822680412371	0.826732673267
0.82156133829	0.812929848693	0.798761609907	0.798230088496	0.8	0.79702970297
0.82156133829	0.810178817056	0.820433436533	0.821238938053	0.826804123711	0.829207920792
0.820322180917	0.819807427785	0.815789473684	0.817699115044	0.816494845361	0.811881188119
0.82156133829	0.829436038514	0.826625386997	0.826548672566	0.824742268041	0.826732673267
0.816604708798	0.81568088033	0.812693498452	0.817699115044	0.80618556701	0.806930693069
0.82156133829	0.821182943604	0.820433436533	0.821238938053	0.810309278351	0.831683168317
0.819083023544	0.825309491059	0.825077399381	0.812389380531	0.810309278351	0.811881188119
0.819083023544	0.818431911967	0.812693498452	0.817699115044	0.820618556701	0.819306930693
0.817843866171	0.826685006878	0.821981424149	0.817699115044	0.818556701031	0.814356435644
0.819083023544	0.823933975241	0.811145510836	0.810619469027	0.812371134021	0.811881188119
0.819083023544	0.814305364512	0.8173374613	0.823008849558	0.80824742268	0.809405940594
0.817843866171	0.817056396149	0.812693498452	0.807079646018	0.80412371134	0.794554455446
0.817843866171	0.821182943604	0.820433436533	0.819469026549	0.824742268041	0.826732673267
0.82156133829	0.814305364512	0.812693498452	0.819469026549	0.828865979381	0.839108910891
0.82156133829	0.811554332875	0.808049535604	0.798230088496	0.8	0.799504950495
0.82156133829	0.81568088033	0.815789473684	0.814159292035	0.816494845361	0.816831683168
0.817843866171	0.825309491059	0.823529411765	0.821238938053	0.832989690722	0.834158415842
0.82156133829	0.818431911967	0.823529411765	0.814159292035	0.816494845361	0.814356435644
0.819083023544	0.817056396149	0.804953560372	0.810619469027	0.812371134021	0.79702970297
0.819083023544	0.817056396149	0.811145510836	0.817699115044	0.818556701031	0.806930693069
0.819083023544	0.817056396149	0.818885448916	0.830088495575	0.824742268041	0.806930693069
0.819083023544	0.810178817056	0.812693498452	0.807079646018	0.810309278351	0.811881188119
0.819083023544	0.817056396149	0.812693498452	0.805309734513	0.80618556701	0.799504950495
0.819083023544	0.811554332875	0.818885448916	0.821238938053	0.824742268041	0.831683168317
0.819083023544	0.811554332875	0.812693498452	0.81592920354	0.810309278351	0.814356435644
0.82156133829	0.814305364512	0.815789473684	0.81592920354	0.822680412371	0.831683168317
0.819083023544	0.821182943604	0.8173374613	0.81592920354	0.820618556701	0.814356435644
0.82156133829	0.81568088033	0.815789473684	0.812389380531	0.812371134021	0.811881188119
0.817843866171	0.819807427785	0.815789473684	0.817699115044	0.814432989691	0.819306930693
0.819083023544	0.819807427785	0.821981424149	0.817699115044	0.822680412371	0.831683168317
0.819083023544	0.818431911967	0.8173374613	0.817699115044	0.814432989691	0.821782178218
0.82156133829	0.821182943604	0.812693498452	0.814159292035	0.816494845361	0.814356435644
0.819083023544	0.818431911967	0.821981424149	0.821238938053	0.820618556701	0.841584158416
0.816604708798	0.821182943604	0.8173374613	0.81592920354	0.814432989691	0.80198019802
0.82156133829	0.818431911967	0.815789473684	0.81592920354	0.830927835052	0.84900990099
0.817843866171	0.81568088033	0.811145510836	0.807079646018	0.80206185567	0.80198019802
0.819083023544	0.821182943604	0.823529411765	0.828318584071	0.830927835052	0.829207920792
0.817843866171	0.817056396149	0.821981424149	0.826548672566	0.828865979381	0.834158415842
0.817843866171	0.821182943604	0.834365325077	0.838938053097	0.835051546392	0.841584158416
0.820322180917	0.828060522696	0.83746130031	0.835398230088	0.849484536082	0.839108910891
0.819083023544	0.817056396149	0.820433436533	0.823008849558	0.830927835052	0.811881188119
0.817843866171	0.823933975241	0.826625386997	0.835398230088	0.839175257732	0.85396039604
0.82156133829	0.830811554333	0.834365325077	0.828318584071	0.828865979381	0.814356435644
0.819083023544	0.81568088033	0.814241486068	0.817699115044	0.814432989691	0.809405940594
0.819083023544	0.822558459422	0.8173374613	0.807079646018	0.822680412371	0.826732673267
0.817843866171	0.818431911967	0.814241486068	0.803539823009	0.80618556701	0.804455445545
0.817843866171	0.814305364512	0.814241486068	0.810619469027	0.814432989691	0.831683168317
0.819083023544	0.817056396149	0.815789473684	0.81592920354	0.814432989691	0.821782178218
0.819083023544	0.823933975241	0.818885448916	0.812389380531	0.822680412371	0.829207920792
0.819083023544	0.823933975241	0.825077399381	0.828318584071	0.824742268041	0.829207920792
0.82156133829	0.814305364512	0.825077399381	0.840707964602	0.847422680412	0.85396039604
0.82156133829	0.828060522696	0.834365325077	0.837168141593	0.830927835052	0.821782178218
0.819083023544	0.826685006878	0.831269349845	0.823008849558	0.824742268041	0.826732673267
0.816604708798	0.826685006878	0.829721362229	0.821238938053	0.839175257732	0.846534653465
0.819083023544	0.810178817056	0.814241486068	0.81592920354	0.818556701031	0.809405940594
0.819083023544	0.817056396149	0.815789473684	0.828318584071	0.843298969072	0.856435643564
0.819083023544	0.818431911967	0.818885448916	0.817699115044	0.80618556701	0.804455445545
0.817843866171	0.819807427785	0.820433436533	0.821238938053	0.820618556701	0.829207920792
0.817843866171	0.819807427785	0.818885448916	0.823008849558	0.828865979381	0.816831683168
0.816604708798	0.826685006878	0.8173374613	0.821238938053	0.830927835052	0.846534653465
0.82156133829	0.825309491059	0.834365325077	0.828318584071	0.826804123711	0.829207920792
0.817843866171	0.814305364512	0.8173374613	0.823008849558	0.822680412371	0.836633663366
0.819083023544	0.81568088033	0.80959752322	0.798230088496	0.810309278351	0.792079207921
0.82156133829	0.822558459422	0.825077399381	0.824778761062	0.835051546392	0.84900990099
0.819083023544	0.819807427785	0.818885448916	0.824778761062	0.822680412371	0.824257425743
0.820322180917	0.814305364512	0.823529411765	0.823008849558	0.826804123711	0.811881188119
0.819083023544	0.81568088033	0.815789473684	0.807079646018	0.816494845361	0.816831683168
0.82156133829	0.822558459422	0.823529411765	0.823008849558	0.826804123711	0.816831683168
0.817843866171	0.817056396149	0.806501547988	0.807079646018	0.810309278351	0.806930693069
0.82156133829	0.825309491059	0.818885448916	0.812389380531	0.80824742268	0.816831683168
0.819083023544	0.817056396149	0.814241486068	0.830088495575	0.839175257732	0.826732673267
0.82156133829	0.825309491059	0.820433436533	0.826548672566	0.820618556701	0.831683168317
0.816604708798	0.821182943604	0.818885448916	0.819469026549	0.828865979381	0.844059405941
0.819083023544	0.819807427785	0.8173374613	0.817699115044	0.812371134021	0.80198019802
0.82156133829	0.822558459422	0.825077399381	0.833628318584	0.837113402062	0.841584158416
0.82156133829	0.814305364512	0.812693498452	0.817699115044	0.830927835052	0.829207920792
0.820322180917	0.818431911967	0.812693498452	0.807079646018	0.789690721649	0.789603960396
0.82156133829	0.819807427785	0.821981424149	0.812389380531	0.812371134021	0.809405940594
0.817843866171	0.81568088033	0.8173374613	0.817699115044	0.832989690722	0.829207920792
0.817843866171	0.821182943604	0.812693498452	0.807079646018	0.79793814433	0.809405940594
0.82156133829	0.808803301238	0.811145510836	0.810619469027	0.810309278351	0.799504950495
0.819083023544	0.814305364512	0.821981424149	0.819469026549	0.816494845361	0.816831683168
0.82156133829	0.826685006878	0.825077399381	0.838938053097	0.830927835052	0.846534653465
0.816604708798	0.822558459422	0.821981424149	0.817699115044	0.810309278351	0.80198019802
