0.819083023544	0.819807427785	0.812693498452	0.808849557522	0.820618556701	0.824257425743
0.820322180917	0.812929848693	0.821981424149	0.817699115044	0.816494845361	0.829207920792
0.819083023544	0.822558459422	0.823529411765	0.812389380531	0.818556701031	0.831683168317
0.816604708798	0.808803301238	0.80959752322	0.805309734513	0.80206185567	0.806930693069
0.825278810409	0.823933975241	0.825077399381	0.817699115044	0.80618556701	0.824257425743
0.822800495663	0.823933975241	0.832817337461	0.833628318584	0.845360824742	0.831683168317
0.824039653036	0.811554332875	0.820433436533	0.83185840708	0.835051546392	0.831683168317
0.817843866171	0.825309491059	0.831269349845	0.828318584071	0.830927835052	0.829207920792
0.820322180917	0.821182943604	0.821981424149	0.833628318584	0.847422680412	0.841584158416
0.822800495663	0.817056396149	0.825077399381	0.819469026549	0.810309278351	0.824257425743
0.822800495663	0.814305364512	0.823529411765	0.833628318584	0.837113402062	0.836633663366
0.822800495663	0.825309491059	0.828173374613	0.828318584071	0.814432989691	0.826732673267
0.822800495663	0.818431911967	0.814241486068	0.8	0.80412371134	0.782178217822
0.817843866171	0.830811554333	0.834365325077	0.842477876106	0.839175257732	0.829207920792
0.822800495663	0.823933975241	0.826625386997	0.828318584071	0.828865979381	0.826732673267
0.825278810409	0.819807427785	0.825077399381	0.828318584071	0.835051546392	0.844059405941
0.827757125155	0.808803301238	0.800309597523	0.801769911504	0.79175257732	0.79702970297
0.82156133829	0.823933975241	0.821981424149	0.83185840708	0.845360824742	0.844059405941
0.822800495663	0.830811554333	0.825077399381	0.833628318584	0.832989690722	0.834158415842
0.82156133829	0.822558459422	0.835913312693	0.837168141593	0.830927835052	0.831683168317
0.820322180917	0.822558459422	0.821981424149	0.824778761062	0.820618556701	0.829207920792
0.817843866171	0.823933975241	0.826625386997	0.826548672566	0.812371134021	0.831683168317
0.825278810409	0.823933975241	0.829721362229	0.83185840708	0.822680412371	0.819306930693
0.826517967782	0.826685006878	0.820433436533	0.83185840708	0.826804123711	0.826732673267
0.82156133829	0.826685006878	0.823529411765	0.823008849558	0.822680412371	0.811881188119
0.82156133829	0.822558459422	0.818885448916	0.823008849558	0.830927835052	0.841584158416
0.820322180917	0.818431911967	0.820433436533	0.83185840708	0.820618556701	0.819306930693
0.824039653036	0.821182943604	0.818885448916	0.826548672566	0.822680412371	0.819306930693
0.824039653036	0.829436038514	0.821981424149	0.824778761062	0.837113402062	0.841584158416
0.819083023544	0.821182943604	0.823529411765	0.830088495575	0.837113402062	0.846534653465
0.819083023544	0.814305364512	0.815789473684	0.817699115044	0.816494845361	0.824257425743
0.817843866171	0.821182943604	0.8173374613	0.821238938053	0.812371134021	0.811881188119
0.82156133829	0.826685006878	0.832817337461	0.838938053097	0.851546391753	0.861386138614
0.819083023544	0.825309491059	0.829721362229	0.826548672566	0.820618556701	0.831683168317
0.826517967782	0.823933975241	0.811145510836	0.821238938053	0.812371134021	0.814356435644
0.817843866171	0.822558459422	0.814241486068	0.817699115044	0.824742268041	0.826732673267
0.817843866171	0.825309491059	0.826625386997	0.83185840708	0.828865979381	0.814356435644
0.82156133829	0.81568088033	0.80959752322	0.83185840708	0.837113402062	0.851485148515
0.824039653036	0.821182943604	0.818885448916	0.81592920354	0.814432989691	0.814356435644
0.815365551425	0.81568088033	0.825077399381	0.826548672566	0.828865979381	0.841584158416
0.824039653036	0.811554332875	0.818885448916	0.833628318584	0.830927835052	0.831683168317
0.82156133829	0.818431911967	0.818885448916	0.830088495575	0.837113402062	0.85396039604
0.82156133829	0.814305364512	0.815789473684	0.824778761062	0.828865979381	0.829207920792
0.819083023544	0.819807427785	0.825077399381	0.830088495575	0.820618556701	0.826732673267
0.82156133829	0.812929848693	0.818885448916	0.823008849558	0.824742268041	0.836633663366
0.824039653036	0.822558459422	0.826625386997	0.823008849558	0.828865979381	0.844059405941
0.82156133829	0.818431911967	0.811145510836	0.81592920354	0.814432989691	0.816831683168
0.820322180917	0.823933975241	0.823529411765	0.838938053097	0.828865979381	0.829207920792
0.819083023544	0.81568088033	0.812693498452	0.814159292035	0.816494845361	0.831683168317
0.822800495663	0.823933975241	0.826625386997	0.828318584071	0.822680412371	0.824257425743
0.820322180917	0.814305364512	0.821981424149	0.824778761062	0.832989690722	0.841584158416
0.816604708798	0.821182943604	0.812693498452	0.808849557522	0.80618556701	0.806930693069
0.826517967782	0.825309491059	0.839009287926	0.840707964602	0.847422680412	0.851485148515
0.822800495663	0.818431911967	0.831269349845	0.835398230088	0.839175257732	0.84900990099
0.816604708798	0.828060522696	0.840557275542	0.840707964602	0.843298969072	0.856435643564
0.82156133829	0.828060522696	0.831269349845	0.835398230088	0.849484536082	0.844059405941
0.825278810409	0.819807427785	0.823529411765	0.821238938053	0.832989690722	0.816831683168
0.817843866171	0.823933975241	0.829721362229	0.840707964602	0.849484536082	0.858910891089
0.82156133829	0.836313617607	0.840557275542	0.840707964602	0.847422680412	0.839108910891
0.815365551425	0.825309491059	0.818885448916	0.837168141593	0.837113402062	0.834158415842
0.82156133829	0.826685006878	0.821981424149	0.817699115044	0.841237113402	0.844059405941
0.820322180917	0.822558459422	0.812693498452	0.805309734513	0.814432989691	0.814356435644
0.820322180917	0.818431911967	0.821981424149	0.821238938053	0.832989690722	0.836633663366
0.822800495663	0.819807427785	0.821981424149	0.828318584071	0.830927835052	0.84900990099
0.820322180917	0.830811554333	0.828173374613	0.812389380531	0.835051546392	0.841584158416
0.820322180917	0.828060522696	0.828173374613	0.83185840708	0.835051546392	0.84900990099
0.815365551425	0.821182943604	0.831269349845	0.849557522124	0.851546391753	0.85396039604
0.822800495663	0.832187070151	0.83746130031	0.833628318584	0.832989690722	0.824257425743
0.82156133829	0.825309491059	0.825077399381	0.83185840708	0.822680412371	0.839108910891
0.82156133829	0.832187070151	0.835913312693	0.828318584071	0.851546391753	0.851485148515
0.820322180917	0.817056396149	0.821981424149	0.817699115044	0.832989690722	0.829207920792
0.82156133829	0.818431911967	0.825077399381	0.837168141593	0.847422680412	0.85396039604
0.824039653036	0.829436038514	0.825077399381	0.826548672566	0.818556701031	0.809405940594
0.819083023544	0.821182943604	0.823529411765	0.823008849558	0.822680412371	0.834158415842
0.819083023544	0.826685006878	0.818885448916	0.824778761062	0.830927835052	0.829207920792
0.815365551425	0.826685006878	0.828173374613	0.828318584071	0.839175257732	0.84900990099
0.822800495663	0.822558459422	0.825077399381	0.830088495575	0.830927835052	0.846534653465
0.826517967782	0.821182943604	0.818885448916	0.826548672566	0.832989690722	0.834158415842
0.820322180917	0.823933975241	0.823529411765	0.817699115044	0.820618556701	0.809405940594
0.82156133829	0.822558459422	0.826625386997	0.842477876106	0.849484536082	0.856435643564
0.825278810409	0.819807427785	0.823529411765	0.823008849558	0.828865979381	0.839108910891
0.816604708798	0.818431911967	0.826625386997	0.824778761062	0.824742268041	0.816831683168
0.822800495663	0.822558459422	0.835913312693	0.828318584071	0.828865979381	0.831683168317
0.819083023544	0.825309491059	0.823529411765	0.826548672566	0.832989690722	0.829207920792
0.822800495663	0.825309491059	0.821981424149	0.819469026549	0.820618556701	0.821782178218
0.82156133829	0.818431911967	0.818885448916	0.817699115044	0.80824742268	0.814356435644
0.819083023544	0.812929848693	0.812693498452	0.830088495575	0.847422680412	0.834158415842
0.82156133829	0.828060522696	0.8173374613	0.828318584071	0.828865979381	0.836633663366
0.824039653036	0.819807427785	0.831269349845	0.83185840708	0.839175257732	0.846534653465
0.822800495663	0.829436038514	0.831269349845	0.826548672566	0.826804123711	0.824257425743
0.824039653036	0.826685006878	0.832817337461	0.842477876106	0.843298969072	0.841584158416
0.820322180917	0.818431911967	0.8173374613	0.823008849558	0.832989690722	0.836633663366
0.819083023544	0.825309491059	0.818885448916	0.810619469027	0.810309278351	0.80198019802
0.819083023544	0.825309491059	0.826625386997	0.821238938053	0.822680412371	0.824257425743
0.82156133829	0.821182943604	0.834365325077	0.83185840708	0.847422680412	0.851485148515
0.819083023544	0.823933975241	0.815789473684	0.81592920354	0.80206185567	0.816831683168
0.817843866171	0.817056396149	0.8173374613	0.824778761062	0.828865979381	0.821782178218
0.819083023544	0.810178817056	0.812693498452	0.812389380531	0.816494845361	0.816831683168
0.824039653036	0.826685006878	0.829721362229	0.842477876106	0.841237113402	0.858910891089
0.817843866171	0.829436038514	0.823529411765	0.837168141593	0.830927835052	0.821782178218
