0.837670384139	0.830811554333	0.821981424149	0.821238938053	0.828865979381	0.839108910891
0.837670384139	0.832187070151	0.83746130031	0.835398230088	0.826804123711	0.839108910891
0.837670384139	0.840440165062	0.84520123839	0.835398230088	0.839175257732	0.846534653465
0.837670384139	0.828060522696	0.818885448916	0.819469026549	0.816494845361	0.819306930693
0.837670384139	0.84181568088	0.839009287926	0.840707964602	0.820618556701	0.834158415842
0.837670384139	0.840440165062	0.849845201238	0.847787610619	0.853608247423	0.851485148515
0.837670384139	0.83356258597	0.839009287926	0.847787610619	0.845360824742	0.844059405941
0.837670384139	0.84181568088	0.842105263158	0.837168141593	0.841237113402	0.846534653465
0.837670384139	0.839064649243	0.839009287926	0.853097345133	0.857731958763	0.858910891089
0.837670384139	0.84181568088	0.842105263158	0.840707964602	0.835051546392	0.834158415842
0.837670384139	0.834938101788	0.840557275542	0.846017699115	0.845360824742	0.844059405941
0.837670384139	0.836313617607	0.835913312693	0.838938053097	0.832989690722	0.841584158416
0.837670384139	0.834938101788	0.829721362229	0.823008849558	0.822680412371	0.814356435644
0.837670384139	0.844566712517	0.852941176471	0.851327433628	0.847422680412	0.836633663366
0.837670384139	0.837689133425	0.843653250774	0.842477876106	0.849484536082	0.846534653465
0.837670384139	0.839064649243	0.840557275542	0.849557522124	0.847422680412	0.85396039604
0.837670384139	0.83356258597	0.825077399381	0.828318584071	0.820618556701	0.821782178218
0.837670384139	0.836313617607	0.834365325077	0.835398230088	0.847422680412	0.85396039604
0.837670384139	0.844566712517	0.840557275542	0.842477876106	0.847422680412	0.846534653465
0.837670384139	0.84181568088	0.842105263158	0.849557522124	0.845360824742	0.844059405941
0.837670384139	0.836313617607	0.83746130031	0.844247787611	0.837113402062	0.839108910891
0.837670384139	0.84181568088	0.84520123839	0.847787610619	0.841237113402	0.851485148515
0.837670384139	0.839064649243	0.83746130031	0.840707964602	0.832989690722	0.829207920792
0.837670384139	0.840440165062	0.839009287926	0.838938053097	0.841237113402	0.839108910891
0.837670384139	0.839064649243	0.834365325077	0.837168141593	0.835051546392	0.826732673267
0.837670384139	0.844566712517	0.840557275542	0.838938053097	0.847422680412	0.858910891089
0.837670384139	0.836313617607	0.840557275542	0.849557522124	0.841237113402	0.839108910891
0.837670384139	0.836313617607	0.835913312693	0.833628318584	0.822680412371	0.816831683168
0.837670384139	0.836313617607	0.832817337461	0.835398230088	0.847422680412	0.851485148515
0.837670384139	0.832187070151	0.840557275542	0.853097345133	0.859793814433	0.85396039604
0.837670384139	0.836313617607	0.834365325077	0.830088495575	0.832989690722	0.826732673267
0.837670384139	0.84181568088	0.839009287926	0.837168141593	0.843298969072	0.836633663366
0.837670384139	0.845942228336	0.849845201238	0.849557522124	0.851546391753	0.863861386139
0.837670384139	0.834938101788	0.843653250774	0.840707964602	0.839175257732	0.836633663366
0.837670384139	0.837689133425	0.828173374613	0.835398230088	0.832989690722	0.829207920792
0.837670384139	0.83356258597	0.826625386997	0.83185840708	0.845360824742	0.839108910891
0.837670384139	0.83356258597	0.839009287926	0.842477876106	0.841237113402	0.831683168317
0.837670384139	0.836313617607	0.835913312693	0.842477876106	0.845360824742	0.85396039604
0.837670384139	0.83356258597	0.835913312693	0.83185840708	0.828865979381	0.821782178218
0.837670384139	0.832187070151	0.834365325077	0.837168141593	0.841237113402	0.85396039604
0.837670384139	0.834938101788	0.840557275542	0.847787610619	0.845360824742	0.84900990099
0.837670384139	0.83356258597	0.832817337461	0.840707964602	0.841237113402	0.85396039604
0.837670384139	0.837689133425	0.835913312693	0.837168141593	0.837113402062	0.836633663366
0.837670384139	0.83356258597	0.832817337461	0.837168141593	0.841237113402	0.846534653465
0.837670384139	0.836313617607	0.840557275542	0.842477876106	0.841237113402	0.85396039604
0.837670384139	0.836313617607	0.832817337461	0.83185840708	0.824742268041	0.841584158416
0.837670384139	0.832187070151	0.832817337461	0.830088495575	0.826804123711	0.829207920792
0.837670384139	0.836313617607	0.83746130031	0.842477876106	0.839175257732	0.836633663366
0.837670384139	0.832187070151	0.829721362229	0.826548672566	0.830927835052	0.841584158416
0.837670384139	0.837689133425	0.848297213622	0.838938053097	0.841237113402	0.841584158416
0.837670384139	0.83356258597	0.834365325077	0.830088495575	0.837113402062	0.85396039604
0.837670384139	0.83356258597	0.826625386997	0.830088495575	0.824742268041	0.826732673267
0.837670384139	0.83356258597	0.842105263158	0.844247787611	0.849484536082	0.856435643564
0.837670384139	0.839064649243	0.835913312693	0.835398230088	0.839175257732	0.851485148515
0.837670384139	0.84181568088	0.84520123839	0.849557522124	0.843298969072	0.866336633663
0.837670384139	0.84181568088	0.84520123839	0.849557522124	0.870103092784	0.856435643564
0.837670384139	0.839064649243	0.843653250774	0.837168141593	0.839175257732	0.821782178218
0.837670384139	0.836313617607	0.846749226006	0.853097345133	0.853608247423	0.861386138614
0.837670384139	0.847317744154	0.854489164087	0.858407079646	0.861855670103	0.851485148515
0.837670384139	0.843191196699	0.842105263158	0.849557522124	0.849484536082	0.851485148515
0.837670384139	0.839064649243	0.83746130031	0.83185840708	0.851546391753	0.861386138614
0.837670384139	0.844566712517	0.843653250774	0.833628318584	0.845360824742	0.839108910891
0.837670384139	0.834938101788	0.842105263158	0.83185840708	0.843298969072	0.84900990099
0.837670384139	0.834938101788	0.834365325077	0.838938053097	0.830927835052	0.836633663366
0.837670384139	0.840440165062	0.834365325077	0.830088495575	0.835051546392	0.844059405941
0.837670384139	0.845942228336	0.848297213622	0.858407079646	0.853608247423	0.863861386139
0.837670384139	0.836313617607	0.846749226006	0.861946902655	0.859793814433	0.858910891089
0.837670384139	0.847317744154	0.849845201238	0.856637168142	0.855670103093	0.85396039604
0.837670384139	0.845942228336	0.846749226006	0.856637168142	0.853608247423	0.863861386139
0.837670384139	0.847317744154	0.846749226006	0.844247787611	0.859793814433	0.871287128713
0.837670384139	0.832187070151	0.831269349845	0.830088495575	0.843298969072	0.851485148515
0.837670384139	0.83356258597	0.834365325077	0.846017699115	0.857731958763	0.863861386139
0.837670384139	0.839064649243	0.839009287926	0.837168141593	0.830927835052	0.826732673267
0.837670384139	0.832187070151	0.832817337461	0.83185840708	0.832989690722	0.831683168317
0.837670384139	0.840440165062	0.832817337461	0.83185840708	0.845360824742	0.836633663366
0.837670384139	0.844566712517	0.854489164087	0.858407079646	0.861855670103	0.866336633663
0.837670384139	0.840440165062	0.851393188854	0.849557522124	0.861855670103	0.873762376238
0.837670384139	0.832187070151	0.83746130031	0.844247787611	0.841237113402	0.844059405941
0.837670384139	0.836313617607	0.831269349845	0.824778761062	0.835051546392	0.831683168317
0.837670384139	0.840440165062	0.846749226006	0.853097345133	0.863917525773	0.866336633663
0.837670384139	0.839064649243	0.84520123839	0.849557522124	0.851546391753	0.861386138614
0.837670384139	0.830811554333	0.832817337461	0.83185840708	0.830927835052	0.824257425743
0.837670384139	0.84181568088	0.84520123839	0.844247787611	0.847422680412	0.844059405941
0.837670384139	0.848693259972	0.849845201238	0.854867256637	0.861855670103	0.844059405941
0.837670384139	0.837689133425	0.835913312693	0.830088495575	0.828865979381	0.831683168317
0.837670384139	0.837689133425	0.835913312693	0.835398230088	0.830927835052	0.829207920792
0.837670384139	0.832187070151	0.829721362229	0.851327433628	0.857731958763	0.84900990099
0.837670384139	0.840440165062	0.832817337461	0.837168141593	0.843298969072	0.851485148515
0.837670384139	0.84181568088	0.848297213622	0.853097345133	0.855670103093	0.876237623762
0.837670384139	0.84181568088	0.842105263158	0.846017699115	0.847422680412	0.851485148515
0.837670384139	0.84181568088	0.843653250774	0.844247787611	0.853608247423	0.84900990099
0.837670384139	0.840440165062	0.835913312693	0.847787610619	0.849484536082	0.84900990099
0.837670384139	0.840440165062	0.840557275542	0.830088495575	0.830927835052	0.829207920792
0.837670384139	0.837689133425	0.835913312693	0.835398230088	0.839175257732	0.84900990099
0.837670384139	0.837689133425	0.84520123839	0.835398230088	0.843298969072	0.841584158416
0.837670384139	0.834938101788	0.829721362229	0.838938053097	0.835051546392	0.831683168317
0.837670384139	0.834938101788	0.843653250774	0.847787610619	0.849484536082	0.85396039604
0.837670384139	0.83356258597	0.829721362229	0.83185840708	0.830927835052	0.836633663366
0.837670384139	0.845942228336	0.852941176471	0.86017699115	0.859793814433	0.873762376238
0.837670384139	0.839064649243	0.834365325077	0.840707964602	0.830927835052	0.819306930693
