0.842627013631	0.83356258597	0.825077399381	0.824778761062	0.828865979381	0.844059405941
0.842627013631	0.834938101788	0.83746130031	0.844247787611	0.835051546392	0.839108910891
0.842627013631	0.847317744154	0.848297213622	0.838938053097	0.849484536082	0.84900990099
0.842627013631	0.829436038514	0.829721362229	0.826548672566	0.822680412371	0.821782178218
0.842627013631	0.84181568088	0.83746130031	0.835398230088	0.820618556701	0.841584158416
0.842627013631	0.843191196699	0.854489164087	0.854867256637	0.859793814433	0.856435643564
0.842627013631	0.836313617607	0.84520123839	0.851327433628	0.843298969072	0.839108910891
0.842627013631	0.845942228336	0.848297213622	0.844247787611	0.861855670103	0.851485148515
0.842627013631	0.84181568088	0.840557275542	0.846017699115	0.855670103093	0.856435643564
0.842627013631	0.843191196699	0.846749226006	0.844247787611	0.841237113402	0.839108910891
0.842627013631	0.840440165062	0.84520123839	0.851327433628	0.855670103093	0.856435643564
0.842627013631	0.844566712517	0.842105263158	0.840707964602	0.843298969072	0.851485148515
0.842627013631	0.843191196699	0.835913312693	0.823008849558	0.826804123711	0.814356435644
0.842627013631	0.850068775791	0.852941176471	0.856637168142	0.851546391753	0.839108910891
0.842627013631	0.843191196699	0.843653250774	0.840707964602	0.851546391753	0.84900990099
0.842627013631	0.843191196699	0.84520123839	0.849557522124	0.845360824742	0.85396039604
0.842627013631	0.837689133425	0.829721362229	0.828318584071	0.824742268041	0.824257425743
0.842627013631	0.834938101788	0.83746130031	0.837168141593	0.853608247423	0.85396039604
0.842627013631	0.845942228336	0.842105263158	0.846017699115	0.851546391753	0.846534653465
0.842627013631	0.850068775791	0.851393188854	0.86017699115	0.855670103093	0.846534653465
0.842627013631	0.836313617607	0.840557275542	0.846017699115	0.843298969072	0.84900990099
0.842627013631	0.84181568088	0.84520123839	0.844247787611	0.841237113402	0.84900990099
0.842627013631	0.847317744154	0.848297213622	0.844247787611	0.841237113402	0.829207920792
0.842627013631	0.845942228336	0.846749226006	0.846017699115	0.832989690722	0.831683168317
0.842627013631	0.840440165062	0.83746130031	0.838938053097	0.832989690722	0.829207920792
0.842627013631	0.84181568088	0.83746130031	0.837168141593	0.843298969072	0.856435643564
0.842627013631	0.843191196699	0.839009287926	0.844247787611	0.841237113402	0.836633663366
0.842627013631	0.84181568088	0.842105263158	0.835398230088	0.826804123711	0.814356435644
0.842627013631	0.840440165062	0.842105263158	0.844247787611	0.859793814433	0.85396039604
0.842627013631	0.840440165062	0.840557275542	0.856637168142	0.870103092784	0.868811881188
0.842627013631	0.844566712517	0.839009287926	0.833628318584	0.839175257732	0.834158415842
0.842627013631	0.845942228336	0.842105263158	0.840707964602	0.843298969072	0.839108910891
0.842627013631	0.854195323246	0.860681114551	0.858407079646	0.870103092784	0.871287128713
0.842627013631	0.840440165062	0.84520123839	0.847787610619	0.843298969072	0.841584158416
0.842627013631	0.840440165062	0.832817337461	0.840707964602	0.832989690722	0.831683168317
0.842627013631	0.837689133425	0.839009287926	0.838938053097	0.843298969072	0.836633663366
0.842627013631	0.84181568088	0.848297213622	0.851327433628	0.849484536082	0.836633663366
0.842627013631	0.839064649243	0.843653250774	0.847787610619	0.849484536082	0.858910891089
0.842627013631	0.839064649243	0.83746130031	0.830088495575	0.841237113402	0.834158415842
0.842627013631	0.840440165062	0.835913312693	0.846017699115	0.849484536082	0.851485148515
0.842627013631	0.836313617607	0.840557275542	0.851327433628	0.849484536082	0.84900990099
0.842627013631	0.839064649243	0.835913312693	0.842477876106	0.839175257732	0.866336633663
0.842627013631	0.845942228336	0.840557275542	0.842477876106	0.845360824742	0.846534653465
0.842627013631	0.839064649243	0.843653250774	0.838938053097	0.843298969072	0.841584158416
0.842627013631	0.840440165062	0.849845201238	0.849557522124	0.845360824742	0.851485148515
0.842627013631	0.844566712517	0.842105263158	0.837168141593	0.835051546392	0.841584158416
0.842627013631	0.840440165062	0.840557275542	0.835398230088	0.832989690722	0.834158415842
0.842627013631	0.843191196699	0.840557275542	0.842477876106	0.837113402062	0.846534653465
0.842627013631	0.84181568088	0.832817337461	0.826548672566	0.830927835052	0.844059405941
0.842627013631	0.843191196699	0.84520123839	0.838938053097	0.847422680412	0.841584158416
0.842627013631	0.837689133425	0.832817337461	0.838938053097	0.849484536082	0.84900990099
0.842627013631	0.839064649243	0.832817337461	0.826548672566	0.822680412371	0.819306930693
0.842627013631	0.837689133425	0.843653250774	0.842477876106	0.855670103093	0.858910891089
0.842627013631	0.845942228336	0.848297213622	0.844247787611	0.843298969072	0.84900990099
0.842627013631	0.843191196699	0.848297213622	0.858407079646	0.853608247423	0.861386138614
0.842627013631	0.847317744154	0.851393188854	0.854867256637	0.872164948454	0.856435643564
0.842627013631	0.840440165062	0.848297213622	0.844247787611	0.843298969072	0.829207920792
0.842627013631	0.84181568088	0.846749226006	0.867256637168	0.861855670103	0.876237623762
0.842627013631	0.850068775791	0.854489164087	0.856637168142	0.863917525773	0.85396039604
0.842627013631	0.850068775791	0.846749226006	0.856637168142	0.859793814433	0.856435643564
0.842627013631	0.844566712517	0.843653250774	0.837168141593	0.857731958763	0.868811881188
0.842627013631	0.845942228336	0.843653250774	0.835398230088	0.847422680412	0.844059405941
0.842627013631	0.840440165062	0.84520123839	0.838938053097	0.845360824742	0.851485148515
0.842627013631	0.84181568088	0.840557275542	0.844247787611	0.832989690722	0.841584158416
0.842627013631	0.852819807428	0.848297213622	0.847787610619	0.851546391753	0.85396039604
0.842627013631	0.851444291609	0.848297213622	0.851327433628	0.849484536082	0.866336633663
0.842627013631	0.840440165062	0.849845201238	0.854867256637	0.865979381443	0.866336633663
0.842627013631	0.851444291609	0.854489164087	0.858407079646	0.857731958763	0.846534653465
0.842627013631	0.844566712517	0.848297213622	0.853097345133	0.849484536082	0.851485148515
0.842627013631	0.848693259972	0.856037151703	0.847787610619	0.859793814433	0.868811881188
0.842627013631	0.839064649243	0.83746130031	0.838938053097	0.847422680412	0.846534653465
0.842627013631	0.840440165062	0.842105263158	0.851327433628	0.861855670103	0.873762376238
0.842627013631	0.843191196699	0.84520123839	0.842477876106	0.826804123711	0.831683168317
0.842627013631	0.839064649243	0.842105263158	0.837168141593	0.841237113402	0.841584158416
0.842627013631	0.845942228336	0.842105263158	0.837168141593	0.847422680412	0.851485148515
0.842627013631	0.850068775791	0.854489164087	0.858407079646	0.870103092784	0.881188118812
0.842627013631	0.850068775791	0.856037151703	0.844247787611	0.857731958763	0.873762376238
0.842627013631	0.837689133425	0.839009287926	0.851327433628	0.847422680412	0.858910891089
0.842627013631	0.843191196699	0.840557275542	0.83185840708	0.841237113402	0.826732673267
0.842627013631	0.850068775791	0.846749226006	0.851327433628	0.861855670103	0.873762376238
0.842627013631	0.843191196699	0.849845201238	0.851327433628	0.853608247423	0.861386138614
0.842627013631	0.839064649243	0.843653250774	0.840707964602	0.837113402062	0.831683168317
0.842627013631	0.845942228336	0.846749226006	0.835398230088	0.841237113402	0.841584158416
0.842627013631	0.848693259972	0.851393188854	0.856637168142	0.865979381443	0.858910891089
0.842627013631	0.844566712517	0.842105263158	0.826548672566	0.832989690722	0.834158415842
0.842627013631	0.840440165062	0.842105263158	0.838938053097	0.828865979381	0.831683168317
0.842627013631	0.839064649243	0.842105263158	0.854867256637	0.865979381443	0.856435643564
0.842627013631	0.84181568088	0.83746130031	0.840707964602	0.843298969072	0.84900990099
0.842627013631	0.847317744154	0.852941176471	0.851327433628	0.855670103093	0.871287128713
0.842627013631	0.847317744154	0.851393188854	0.851327433628	0.847422680412	0.846534653465
0.842627013631	0.845942228336	0.848297213622	0.853097345133	0.859793814433	0.85396039604
0.842627013631	0.840440165062	0.843653250774	0.847787610619	0.843298969072	0.844059405941
0.842627013631	0.845942228336	0.839009287926	0.83185840708	0.818556701031	0.814356435644
0.842627013631	0.845942228336	0.840557275542	0.842477876106	0.847422680412	0.85396039604
0.842627013631	0.843191196699	0.846749226006	0.840707964602	0.851546391753	0.846534653465
0.842627013631	0.837689133425	0.835913312693	0.840707964602	0.835051546392	0.841584158416
0.842627013631	0.837689133425	0.843653250774	0.846017699115	0.847422680412	0.84900990099
0.842627013631	0.836313617607	0.83746130031	0.830088495575	0.828865979381	0.839108910891
0.842627013631	0.850068775791	0.857585139319	0.863716814159	0.863917525773	0.878712871287
0.842627013631	0.845942228336	0.842105263158	0.849557522124	0.835051546392	0.829207920792
