0.837670384139	0.830811554333	0.821981424149	0.821238938053	0.828865979381	0.839108910891
0.837670384139	0.832187070151	0.83746130031	0.835398230088	0.826804123711	0.839108910891
0.837670384139	0.840440165062	0.84520123839	0.835398230088	0.839175257732	0.846534653465
0.837670384139	0.828060522696	0.818885448916	0.819469026549	0.816494845361	0.819306930693
0.837670384139	0.84181568088	0.839009287926	0.840707964602	0.820618556701	0.834158415842
0.837670384139	0.840440165062	0.849845201238	0.847787610619	0.853608247423	0.851485148515
0.837670384139	0.83356258597	0.839009287926	0.847787610619	0.845360824742	0.844059405941
0.837670384139	0.84181568088	0.842105263158	0.837168141593	0.841237113402	0.846534653465
0.837670384139	0.839064649243	0.839009287926	0.853097345133	0.857731958763	0.858910891089
0.837670384139	0.84181568088	0.842105263158	0.840707964602	0.835051546392	0.834158415842
