0.842627013631	0.834938101788	0.826625386997	0.821238938053	0.824742268041	0.839108910891
0.842627013631	0.83356258597	0.831269349845	0.849557522124	0.835051546392	0.836633663366
0.842627013631	0.843191196699	0.851393188854	0.837168141593	0.845360824742	0.84900990099
0.842627013631	0.828060522696	0.828173374613	0.824778761062	0.820618556701	0.821782178218
0.842627013631	0.84181568088	0.839009287926	0.833628318584	0.820618556701	0.839108910891
0.842627013631	0.845942228336	0.851393188854	0.856637168142	0.861855670103	0.856435643564
0.842627013631	0.836313617607	0.842105263158	0.849557522124	0.845360824742	0.844059405941
0.842627013631	0.843191196699	0.848297213622	0.844247787611	0.855670103093	0.84900990099
0.842627013631	0.840440165062	0.835913312693	0.847787610619	0.853608247423	0.856435643564
0.842627013631	0.843191196699	0.84520123839	0.846017699115	0.841237113402	0.839108910891
0.842627013631	0.837689133425	0.839009287926	0.849557522124	0.855670103093	0.858910891089
0.842627013631	0.84181568088	0.840557275542	0.838938053097	0.835051546392	0.841584158416
0.842627013631	0.840440165062	0.83746130031	0.824778761062	0.828865979381	0.819306930693
0.842627013631	0.847317744154	0.854489164087	0.851327433628	0.847422680412	0.836633663366
0.842627013631	0.84181568088	0.840557275542	0.840707964602	0.847422680412	0.844059405941
0.842627013631	0.845942228336	0.848297213622	0.847787610619	0.843298969072	0.851485148515
0.842627013631	0.836313617607	0.828173374613	0.823008849558	0.820618556701	0.819306930693
0.842627013631	0.834938101788	0.835913312693	0.837168141593	0.851546391753	0.851485148515
0.842627013631	0.845942228336	0.839009287926	0.849557522124	0.849484536082	0.84900990099
0.842627013631	0.852819807428	0.851393188854	0.858407079646	0.863917525773	0.851485148515
0.842627013631	0.836313617607	0.834365325077	0.844247787611	0.847422680412	0.84900990099
0.842627013631	0.844566712517	0.848297213622	0.844247787611	0.835051546392	0.84900990099
0.842627013631	0.845942228336	0.848297213622	0.847787610619	0.839175257732	0.826732673267
0.842627013631	0.844566712517	0.842105263158	0.838938053097	0.830927835052	0.829207920792
0.842627013631	0.839064649243	0.834365325077	0.835398230088	0.832989690722	0.819306930693
0.842627013631	0.84181568088	0.83746130031	0.833628318584	0.845360824742	0.861386138614
0.842627013631	0.843191196699	0.840557275542	0.846017699115	0.835051546392	0.826732673267
0.842627013631	0.840440165062	0.839009287926	0.833628318584	0.820618556701	0.809405940594
0.842627013631	0.839064649243	0.840557275542	0.842477876106	0.855670103093	0.856435643564
0.842627013631	0.840440165062	0.840557275542	0.856637168142	0.870103092784	0.868811881188
0.842627013631	0.84181568088	0.839009287926	0.83185840708	0.839175257732	0.831683168317
0.842627013631	0.843191196699	0.842105263158	0.837168141593	0.839175257732	0.841584158416
0.842627013631	0.852819807428	0.860681114551	0.861946902655	0.868041237113	0.871287128713
0.842627013631	0.840440165062	0.848297213622	0.847787610619	0.845360824742	0.841584158416
0.842627013631	0.839064649243	0.828173374613	0.844247787611	0.830927835052	0.831683168317
0.842627013631	0.839064649243	0.839009287926	0.838938053097	0.843298969072	0.839108910891
0.842627013631	0.843191196699	0.84520123839	0.844247787611	0.847422680412	0.836633663366
0.842627013631	0.836313617607	0.843653250774	0.844247787611	0.851546391753	0.85396039604
0.842627013631	0.836313617607	0.835913312693	0.828318584071	0.837113402062	0.834158415842
0.842627013631	0.839064649243	0.834365325077	0.846017699115	0.849484536082	0.85396039604
0.842627013631	0.839064649243	0.842105263158	0.853097345133	0.849484536082	0.84900990099
0.842627013631	0.836313617607	0.835913312693	0.842477876106	0.841237113402	0.856435643564
0.842627013631	0.845942228336	0.840557275542	0.840707964602	0.845360824742	0.844059405941
0.842627013631	0.836313617607	0.843653250774	0.837168141593	0.845360824742	0.844059405941
0.842627013631	0.840440165062	0.843653250774	0.844247787611	0.845360824742	0.851485148515
0.842627013631	0.837689133425	0.839009287926	0.835398230088	0.835051546392	0.844059405941
0.842627013631	0.839064649243	0.835913312693	0.833628318584	0.832989690722	0.841584158416
0.842627013631	0.840440165062	0.83746130031	0.840707964602	0.839175257732	0.841584158416
0.842627013631	0.837689133425	0.832817337461	0.823008849558	0.830927835052	0.839108910891
0.842627013631	0.837689133425	0.842105263158	0.835398230088	0.845360824742	0.84900990099
0.842627013631	0.837689133425	0.840557275542	0.840707964602	0.853608247423	0.856435643564
0.842627013631	0.837689133425	0.828173374613	0.821238938053	0.822680412371	0.816831683168
0.842627013631	0.839064649243	0.843653250774	0.846017699115	0.857731958763	0.861386138614
0.842627013631	0.843191196699	0.846749226006	0.844247787611	0.843298969072	0.84900990099
0.842627013631	0.843191196699	0.843653250774	0.851327433628	0.851546391753	0.863861386139
0.842627013631	0.847317744154	0.852941176471	0.853097345133	0.872164948454	0.858910891089
0.842627013631	0.843191196699	0.848297213622	0.844247787611	0.845360824742	0.831683168317
0.842627013631	0.840440165062	0.848297213622	0.869026548673	0.861855670103	0.873762376238
0.842627013631	0.852819807428	0.857585139319	0.86017699115	0.865979381443	0.858910891089
0.842627013631	0.845942228336	0.843653250774	0.853097345133	0.853608247423	0.851485148515
0.842627013631	0.844566712517	0.840557275542	0.837168141593	0.857731958763	0.868811881188
0.842627013631	0.847317744154	0.851393188854	0.840707964602	0.845360824742	0.84900990099
0.842627013631	0.840440165062	0.842105263158	0.833628318584	0.839175257732	0.851485148515
0.842627013631	0.84181568088	0.840557275542	0.847787610619	0.837113402062	0.844059405941
0.842627013631	0.850068775791	0.843653250774	0.840707964602	0.845360824742	0.84900990099
0.842627013631	0.850068775791	0.848297213622	0.849557522124	0.849484536082	0.868811881188
0.842627013631	0.839064649243	0.846749226006	0.854867256637	0.865979381443	0.863861386139
0.842627013631	0.850068775791	0.856037151703	0.858407079646	0.859793814433	0.84900990099
0.842627013631	0.845942228336	0.852941176471	0.854867256637	0.851546391753	0.85396039604
0.842627013631	0.851444291609	0.857585139319	0.851327433628	0.861855670103	0.866336633663
0.842627013631	0.839064649243	0.834365325077	0.837168141593	0.847422680412	0.841584158416
0.842627013631	0.837689133425	0.840557275542	0.849557522124	0.857731958763	0.866336633663
0.842627013631	0.840440165062	0.840557275542	0.835398230088	0.820618556701	0.826732673267
0.842627013631	0.837689133425	0.835913312693	0.835398230088	0.839175257732	0.839108910891
0.842627013631	0.844566712517	0.840557275542	0.83185840708	0.843298969072	0.844059405941
0.842627013631	0.848693259972	0.851393188854	0.849557522124	0.865979381443	0.878712871287
0.842627013631	0.848693259972	0.851393188854	0.842477876106	0.849484536082	0.873762376238
0.842627013631	0.839064649243	0.83746130031	0.847787610619	0.841237113402	0.856435643564
0.842627013631	0.84181568088	0.83746130031	0.833628318584	0.843298969072	0.824257425743
0.842627013631	0.850068775791	0.846749226006	0.853097345133	0.863917525773	0.873762376238
0.842627013631	0.844566712517	0.84520123839	0.847787610619	0.853608247423	0.861386138614
0.842627013631	0.836313617607	0.840557275542	0.835398230088	0.839175257732	0.834158415842
0.842627013631	0.847317744154	0.846749226006	0.842477876106	0.841237113402	0.841584158416
0.842627013631	0.848693259972	0.854489164087	0.856637168142	0.865979381443	0.858910891089
0.842627013631	0.844566712517	0.840557275542	0.824778761062	0.832989690722	0.834158415842
0.842627013631	0.843191196699	0.839009287926	0.833628318584	0.826804123711	0.829207920792
0.842627013631	0.837689133425	0.835913312693	0.853097345133	0.865979381443	0.856435643564
0.842627013631	0.843191196699	0.835913312693	0.840707964602	0.847422680412	0.85396039604
0.842627013631	0.848693259972	0.851393188854	0.853097345133	0.855670103093	0.871287128713
0.842627013631	0.845942228336	0.846749226006	0.846017699115	0.843298969072	0.846534653465
0.842627013631	0.848693259972	0.848297213622	0.851327433628	0.859793814433	0.851485148515
0.842627013631	0.840440165062	0.840557275542	0.846017699115	0.839175257732	0.844059405941
0.842627013631	0.84181568088	0.83746130031	0.83185840708	0.818556701031	0.811881188119
0.842627013631	0.845942228336	0.839009287926	0.838938053097	0.843298969072	0.851485148515
0.842627013631	0.840440165062	0.846749226006	0.835398230088	0.849484536082	0.846534653465
0.842627013631	0.836313617607	0.831269349845	0.840707964602	0.835051546392	0.839108910891
0.842627013631	0.836313617607	0.84520123839	0.847787610619	0.849484536082	0.851485148515
0.842627013631	0.836313617607	0.832817337461	0.83185840708	0.826804123711	0.834158415842
0.842627013631	0.848693259972	0.852941176471	0.858407079646	0.861855670103	0.881188118812
0.842627013631	0.845942228336	0.84520123839	0.849557522124	0.835051546392	0.834158415842
