0.830235439901	0.826685006878	0.821981424149	0.823008849558	0.828865979381	0.834158415842
0.830235439901	0.825309491059	0.826625386997	0.824778761062	0.820618556701	0.834158415842
0.830235439901	0.826685006878	0.831269349845	0.821238938053	0.822680412371	0.831683168317
0.830235439901	0.818431911967	0.818885448916	0.819469026549	0.814432989691	0.816831683168
0.830235439901	0.828060522696	0.828173374613	0.824778761062	0.80824742268	0.826732673267
0.830235439901	0.832187070151	0.83746130031	0.842477876106	0.847422680412	0.841584158416
0.830235439901	0.823933975241	0.828173374613	0.835398230088	0.839175257732	0.834158415842
0.830235439901	0.83356258597	0.839009287926	0.833628318584	0.832989690722	0.836633663366
0.830235439901	0.823933975241	0.821981424149	0.835398230088	0.839175257732	0.841584158416
0.830235439901	0.829436038514	0.828173374613	0.83185840708	0.822680412371	0.826732673267
0.830235439901	0.826685006878	0.826625386997	0.837168141593	0.837113402062	0.829207920792
0.830235439901	0.832187070151	0.834365325077	0.833628318584	0.822680412371	0.836633663366
0.830235439901	0.830811554333	0.821981424149	0.808849557522	0.80206185567	0.787128712871
0.830235439901	0.836313617607	0.84520123839	0.844247787611	0.841237113402	0.829207920792
0.830235439901	0.832187070151	0.832817337461	0.83185840708	0.837113402062	0.834158415842
0.830235439901	0.828060522696	0.832817337461	0.833628318584	0.835051546392	0.841584158416
0.830235439901	0.823933975241	0.812693498452	0.808849557522	0.80206185567	0.806930693069
0.830235439901	0.829436038514	0.828173374613	0.835398230088	0.849484536082	0.84900990099
0.830235439901	0.836313617607	0.834365325077	0.833628318584	0.835051546392	0.831683168317
0.830235439901	0.83356258597	0.834365325077	0.838938053097	0.835051546392	0.831683168317
0.830235439901	0.828060522696	0.828173374613	0.830088495575	0.828865979381	0.831683168317
0.830235439901	0.828060522696	0.826625386997	0.830088495575	0.816494845361	0.839108910891
0.830235439901	0.830811554333	0.839009287926	0.837168141593	0.828865979381	0.826732673267
0.830235439901	0.834938101788	0.829721362229	0.837168141593	0.841237113402	0.834158415842
0.830235439901	0.83356258597	0.826625386997	0.824778761062	0.824742268041	0.814356435644
0.830235439901	0.832187070151	0.826625386997	0.826548672566	0.835051546392	0.846534653465
0.830235439901	0.828060522696	0.825077399381	0.83185840708	0.820618556701	0.821782178218
0.830235439901	0.828060522696	0.826625386997	0.826548672566	0.826804123711	0.819306930693
0.830235439901	0.837689133425	0.834365325077	0.83185840708	0.843298969072	0.844059405941
0.830235439901	0.826685006878	0.832817337461	0.844247787611	0.847422680412	0.858910891089
0.830235439901	0.826685006878	0.828173374613	0.828318584071	0.828865979381	0.834158415842
0.830235439901	0.826685006878	0.821981424149	0.823008849558	0.824742268041	0.814356435644
0.830235439901	0.836313617607	0.83746130031	0.837168141593	0.849484536082	0.856435643564
0.830235439901	0.830811554333	0.839009287926	0.835398230088	0.835051546392	0.834158415842
0.830235439901	0.832187070151	0.823529411765	0.824778761062	0.820618556701	0.811881188119
0.830235439901	0.828060522696	0.821981424149	0.824778761062	0.837113402062	0.831683168317
0.830235439901	0.83356258597	0.83746130031	0.838938053097	0.837113402062	0.821782178218
0.830235439901	0.825309491059	0.821981424149	0.826548672566	0.830927835052	0.839108910891
0.830235439901	0.829436038514	0.828173374613	0.819469026549	0.824742268041	0.809405940594
0.830235439901	0.825309491059	0.829721362229	0.826548672566	0.839175257732	0.844059405941
0.830235439901	0.821182943604	0.823529411765	0.83185840708	0.824742268041	0.824257425743
0.830235439901	0.828060522696	0.826625386997	0.837168141593	0.841237113402	0.856435643564
0.830235439901	0.828060522696	0.825077399381	0.83185840708	0.839175257732	0.841584158416
0.830235439901	0.825309491059	0.828173374613	0.821238938053	0.822680412371	0.819306930693
0.830235439901	0.828060522696	0.829721362229	0.835398230088	0.835051546392	0.844059405941
0.830235439901	0.832187070151	0.834365325077	0.835398230088	0.837113402062	0.846534653465
0.830235439901	0.828060522696	0.825077399381	0.823008849558	0.822680412371	0.819306930693
0.830235439901	0.832187070151	0.832817337461	0.838938053097	0.835051546392	0.831683168317
0.830235439901	0.825309491059	0.821981424149	0.821238938053	0.818556701031	0.829207920792
0.830235439901	0.830811554333	0.832817337461	0.83185840708	0.828865979381	0.821782178218
0.830235439901	0.825309491059	0.826625386997	0.823008849558	0.835051546392	0.844059405941
0.830235439901	0.825309491059	0.821981424149	0.817699115044	0.810309278351	0.809405940594
0.830235439901	0.829436038514	0.839009287926	0.844247787611	0.851546391753	0.844059405941
0.830235439901	0.828060522696	0.83746130031	0.840707964602	0.847422680412	0.85396039604
0.830235439901	0.839064649243	0.846749226006	0.854867256637	0.845360824742	0.856435643564
0.830235439901	0.832187070151	0.839009287926	0.840707964602	0.853608247423	0.846534653465
0.830235439901	0.829436038514	0.829721362229	0.83185840708	0.835051546392	0.814356435644
0.830235439901	0.830811554333	0.832817337461	0.844247787611	0.847422680412	0.856435643564
0.830235439901	0.84181568088	0.843653250774	0.846017699115	0.851546391753	0.836633663366
0.830235439901	0.832187070151	0.834365325077	0.842477876106	0.843298969072	0.839108910891
0.830235439901	0.834938101788	0.828173374613	0.828318584071	0.847422680412	0.851485148515
0.830235439901	0.828060522696	0.823529411765	0.812389380531	0.818556701031	0.816831683168
0.830235439901	0.825309491059	0.828173374613	0.826548672566	0.835051546392	0.844059405941
0.830235439901	0.830811554333	0.834365325077	0.835398230088	0.841237113402	0.846534653465
0.830235439901	0.837689133425	0.83746130031	0.83185840708	0.837113402062	0.844059405941
0.830235439901	0.837689133425	0.83746130031	0.840707964602	0.843298969072	0.844059405941
0.830235439901	0.829436038514	0.835913312693	0.856637168142	0.851546391753	0.85396039604
0.830235439901	0.837689133425	0.839009287926	0.838938053097	0.839175257732	0.829207920792
0.830235439901	0.836313617607	0.835913312693	0.837168141593	0.835051546392	0.841584158416
0.830235439901	0.83356258597	0.839009287926	0.830088495575	0.847422680412	0.851485148515
0.830235439901	0.826685006878	0.823529411765	0.823008849558	0.830927835052	0.824257425743
0.830235439901	0.829436038514	0.829721362229	0.842477876106	0.857731958763	0.866336633663
0.830235439901	0.834938101788	0.83746130031	0.840707964602	0.830927835052	0.824257425743
0.830235439901	0.828060522696	0.831269349845	0.833628318584	0.830927835052	0.839108910891
0.830235439901	0.836313617607	0.831269349845	0.83185840708	0.837113402062	0.831683168317
0.830235439901	0.837689133425	0.839009287926	0.835398230088	0.843298969072	0.851485148515
0.830235439901	0.834938101788	0.84520123839	0.842477876106	0.845360824742	0.85396039604
0.830235439901	0.826685006878	0.828173374613	0.835398230088	0.837113402062	0.834158415842
0.830235439901	0.829436038514	0.831269349845	0.819469026549	0.822680412371	0.809405940594
0.830235439901	0.832187070151	0.834365325077	0.840707964602	0.851546391753	0.861386138614
0.830235439901	0.830811554333	0.831269349845	0.833628318584	0.837113402062	0.844059405941
0.830235439901	0.825309491059	0.832817337461	0.830088495575	0.830927835052	0.824257425743
0.830235439901	0.832187070151	0.83746130031	0.828318584071	0.832989690722	0.839108910891
0.830235439901	0.834938101788	0.831269349845	0.83185840708	0.841237113402	0.836633663366
0.830235439901	0.828060522696	0.826625386997	0.824778761062	0.822680412371	0.819306930693
0.830235439901	0.83356258597	0.834365325077	0.830088495575	0.826804123711	0.834158415842
0.830235439901	0.825309491059	0.829721362229	0.842477876106	0.849484536082	0.834158415842
0.830235439901	0.832187070151	0.823529411765	0.83185840708	0.832989690722	0.834158415842
0.830235439901	0.832187070151	0.835913312693	0.833628318584	0.841237113402	0.85396039604
0.830235439901	0.832187070151	0.831269349845	0.83185840708	0.828865979381	0.821782178218
0.830235439901	0.83356258597	0.83746130031	0.844247787611	0.845360824742	0.84900990099
0.830235439901	0.828060522696	0.825077399381	0.823008849558	0.824742268041	0.826732673267
0.830235439901	0.834938101788	0.829721362229	0.824778761062	0.814432989691	0.806930693069
0.830235439901	0.830811554333	0.832817337461	0.824778761062	0.824742268041	0.821782178218
0.830235439901	0.830811554333	0.842105263158	0.835398230088	0.847422680412	0.841584158416
0.830235439901	0.826685006878	0.818885448916	0.819469026549	0.810309278351	0.821782178218
0.830235439901	0.823933975241	0.825077399381	0.830088495575	0.830927835052	0.826732673267
0.830235439901	0.823933975241	0.820433436533	0.821238938053	0.818556701031	0.821782178218
0.830235439901	0.836313617607	0.840557275542	0.851327433628	0.851546391753	0.863861386139
0.830235439901	0.83356258597	0.835913312693	0.835398230088	0.828865979381	0.819306930693
