12.1951183452	12.1090316873	11.8713274238	11.8750302609	11.3762920542	11.2655573376
12.1951183452	12.2221381509	12.2176151934	11.7446190825	11.4474367023	11.3846045698
12.1951183452	12.0533833465	11.8977130874	11.9662170036	11.8822784666	11.8451386611
12.1951183452	12.0450186486	11.9491075198	12.3581613231	12.1897930283	12.3466712578
12.1951183452	11.664654989	11.6689602276	12.0058631001	11.5629523442	11.3994921774
12.1951183452	12.237525696	11.8448890574	11.7832560577	11.7966201253	12.6224865988
12.1951183452	11.8306314946	11.6123386284	11.6623376179	11.4650871921	11.55390352
12.1951183452	11.8564254888	11.8131615299	12.0604856223	11.825733412	12.1133253877
12.1951183452	11.8878926393	11.7008513574	11.4150433419	11.5664749618	11.4397832791
12.1951183452	11.852300203	11.7233775827	11.6157832807	11.5418810359	11.7397997389
12.1951183452	11.7756483058	12.0004885864	12.2873634812	12.4232172558	12.6765031993
12.1951183452	11.8371778964	11.9194652459	11.4998428008	11.0484324213	11.2669512961
12.1951183452	12.2108448505	11.7045505065	11.5491633106	11.6740949442	11.5090775776
12.1951183452	11.4109161324	11.4137433172	11.3971476311	11.4540268681	10.8591444854
12.1951183452	11.7684280541	11.7652940899	11.9085061675	11.6589093414	10.6599628445
12.1951183452	12.2084931758	12.2563493699	11.8831016784	11.5717031348	11.6497524492
12.1951183452	11.763446651	11.6947265021	11.9738954366	11.6124968454	11.6923215071
12.1951183452	11.8607587138	12.0550590682	11.7917393247	11.4008909592	11.7869536948
12.1951183452	12.2583999364	12.328819501	12.735171021	12.589782048	12.7371924323
12.1951183452	11.6202372942	11.8685132945	11.9581201928	12.3842424735	12.0077907949
12.1951183452	12.0210404056	12.1349851895	12.0430682359	12.0039378619	11.9652831153
12.1951183452	11.9460909587	11.6136667547	11.0624247278	10.4575517325	10.5162499221
12.1951183452	11.9583517147	11.3420835399	10.780536455	11.0884882055	10.7324879737
12.1951183452	12.0566655784	12.3641135657	12.4545738383	12.3444910228	12.3107824472
12.1951183452	11.9680060499	11.9162803325	11.5958625628	12.0014982818	11.8254044058
12.1951183452	11.888069396	11.9078741652	11.7653726209	11.9234246364	11.7814626062
12.1951183452	11.6546006125	11.2380351816	10.9522234721	10.7086751594	11.0083393619
12.1951183452	11.6206513555	11.4348303767	11.3392492098	11.2864917593	11.1281451762
12.1951183452	11.641508048	11.5550429091	11.6935954075	11.6487048758	11.4162808124
12.1951183452	12.1130537682	12.2676255683	11.5837451729	11.2372325395	11.1399117297
12.1951183452	11.7163933888	11.8667652989	11.6227380884	11.7008317538	11.5249269159
12.1951183452	11.823752225	11.2331827891	10.7364711848	11.036252576	11.2568066554
12.1951183452	12.1931596634	12.0890344111	12.1761869385	11.7004382233	11.8557954594
12.1951183452	11.97608004	11.8772947799	11.8654351601	11.4059772364	11.1609800323
12.1951183452	11.8865613313	11.8196873439	11.7221118563	11.1953247445	10.7644675753
12.1951183452	11.9888500757	11.9371795907	11.8261053233	11.2151980349	11.1321224051
12.1951183452	11.7017905255	11.8363385384	11.7808283263	11.9973081206	12.4402526291
12.1951183452	11.7145373508	11.3999728783	11.3758933574	11.6147304099	10.982482927
12.1951183452	11.5799055146	11.7293045141	11.4960464187	11.7101683462	11.8061444876
12.1951183452	11.9390677724	11.8223543806	11.7418038635	11.819614181	11.5607693606
12.1951183452	11.8172923648	11.9944202269	11.6710146592	11.7345305574	11.8099913629
12.1951183452	11.8962489085	12.1098419038	11.9920345999	11.9303764513	11.7025623778
12.1951183452	11.9369343376	11.8812381141	11.6348467251	11.4242773226	11.2969491527
12.1951183452	12.0227477005	12.0943818376	11.8036430027	11.4295058486	11.0885711993
12.1951183452	12.0357265176	11.910794066	11.6273515501	11.7395421775	11.4439531013
12.1951183452	11.9771895272	12.263197593	12.6106867909	12.8670753731	11.9237520534
12.1951183452	11.8009618073	11.4729640257	11.4980154931	11.4623017155	11.6488506545
12.1951183452	11.8455399039	11.7853659289	11.7455613932	11.2866518979	11.2337833346
12.1951183452	12.0993689826	12.1018632428	11.7230150086	11.5805834675	11.7314293826
12.1951183452	11.6989663958	11.4892908695	11.2739767391	11.0104870802	10.9100301334
12.1951183452	11.65511837	11.547003689	11.1966984938	11.420174009	11.613666308
12.1951183452	11.3517145443	11.4861804301	11.1890857067	11.0130784867	10.7011423502
12.1951183452	11.9967296008	11.6956974477	11.2002974086	11.3240759132	11.5101678194
12.1951183452	11.9134700183	12.0438133298	11.9768182029	11.863683643	12.0719360413
12.1951183452	11.7906944284	11.2201613861	11.0293068487	11.1392928021	11.0091337722
12.1951183452	11.5779775984	11.3063770971	11.2706697948	11.0295318363	11.0997628431
12.1951183452	11.7089955817	11.4548763402	11.0750583575	11.1195498562	11.0439112619
12.1951183452	11.8959120304	11.8117370613	12.0328681915	12.3163527932	12.1778024055
12.1951183452	11.9320909442	11.9675250704	12.0951279854	12.1629562507	12.2182022804
12.1951183452	11.7978009482	11.6495413641	11.6507598573	11.7133730496	11.6784405892
12.1951183452	12.1546314299	12.212620832	12.3553389015	12.2850134111	12.5009672585
12.1951183452	12.1248182962	12.0027334143	12.2675586652	12.0923497699	12.6220236614
12.1951183452	12.1902193855	12.0237980681	12.0445487134	11.8578574554	11.6261118331
12.1951183452	11.3910014119	11.3489293797	11.2366061033	11.1621314619	11.5398944025
12.1951183452	12.1372440165	12.1693088609	11.8565070092	12.0789538405	12.1161716191
12.1951183452	12.1433744193	11.6037091777	11.3990467089	11.4874177611	11.2946752139
12.1951183452	11.982659944	12.0622381337	12.1785254038	12.1707181489	11.6027608933
12.1951183452	11.5559953845	11.5894287862	11.8091955922	11.8590027471	11.6427945542
12.1951183452	11.9271366839	11.6500821233	11.5274837655	11.2561051263	11.0529452457
12.1951183452	11.9891620424	12.2135822953	12.0846713677	12.0066030549	11.7575036039
12.1951183452	12.0143150368	11.6007226299	11.3247922437	11.4780173569	11.9893292716
12.1951183452	11.667329814	11.6691430416	11.8134346226	11.9105427402	11.661758039
12.1951183452	12.0292144481	12.0020071778	12.2440105046	11.5081741556	11.2907287023
12.1951183452	12.0264787975	11.814466366	11.8294704161	11.5906251609	11.6704125126
12.1951183452	11.6207734818	11.4004377253	11.5788596892	11.8635414438	12.3436652665
12.1951183452	11.9802465659	11.5486566825	11.2251004366	11.5327744815	11.4572903806
12.1951183452	11.955739083	12.3630676528	12.0606708651	11.6057651659	11.3845690535
12.1951183452	11.8374661446	11.3753701868	11.5998033419	11.8610215155	12.0530920018
12.1951183452	11.896007513	11.5246510534	11.6185833258	11.3641983607	11.2364019911
12.1951183452	12.2047516952	11.8515972981	11.4740823194	11.4253294375	11.3652291688
12.1951183452	12.2494670661	11.6361241665	11.6703275361	11.6671434237	11.1638559925
12.1951183452	11.9211260525	11.9997240483	11.9273423581	11.8023340138	11.9598421501
12.1951183452	12.0381221892	12.1553432068	11.723105351	11.976169705	12.3857868902
12.1951183452	12.3251209981	12.1898414995	12.3320287213	12.1968818316	12.3589255231
12.1951183452	12.1083809388	11.3501442359	11.2217920753	11.0788680979	11.291793161
12.1951183452	12.128780641	11.7140534554	11.5147022309	11.3822823684	11.4706727772
12.1951183452	11.7949004606	12.076353695	12.269308115	12.2631397291	12.6369365674
12.1951183452	12.3060036719	12.4723982964	12.3855009125	12.2228193	11.5653094371
12.1951183452	12.2702820956	11.9146775979	11.9411373464	12.0512093867	12.0220974124
12.1951183452	11.5132572116	11.3475263788	11.0235845479	10.4554215984	10.4243444406
12.1951183452	12.4031401915	12.2773004478	12.3264151159	12.3100369022	12.9487093519
12.1951183452	11.505250043	11.7015543734	11.7895170482	11.4833203737	11.3317449118
12.1951183452	12.0331610791	11.7834589153	11.3250013236	11.5095607038	11.6620640236
12.1951183452	11.9420509662	11.8695956367	11.8279704221	12.0092366173	12.1264271152
12.1951183452	11.9452459882	12.2102562521	11.9088209799	12.2859590872	12.5101639215
12.1951183452	12.1762894689	12.2124442162	12.0396422394	12.0512100863	12.2286560617
12.1951183452	11.7595028309	11.7715607629	12.1048555959	12.0461607197	11.591664718
12.1951183452	11.8324882116	11.8892444179	11.676653159	11.5896920625	11.8957540235
12.1951183452	11.7235038754	11.9874562867	12.2801613859	12.0201753474	12.415254434
12.1951183452	12.2412654605	12.5054224169	12.2452853935	12.4231228724	12.2424504175
