17.3014285714	17.0444444444	16.7607142857	16.9285714286	16.8833333333	16.8571428571
17.2385714286	16.9333333333	16.8142857143	16.2571428571	15.7523809524	15.6171428571
17.2385714286	16.8047619048	16.7017857143	16.6836734694	16.6547619048	17.1885714286
17.25	17.2031746032	17.4696428571	18.2142857143	18.0142857143	18.0657142857
17.25	16.2888888889	16.0910714286	16.8591836735	16.2785714286	15.8
17.25	17.0523809524	17.1607142857	16.9040816327	16.9952380952	17.7542857143
17.25	16.6650793651	16.6642857143	16.8428571429	16.6333333333	16.5485714286
17.25	16.7761904762	16.5589285714	16.8102040816	16.2857142857	16.4342857143
17.3014285714	16.6206349206	16.7714285714	16.5653061224	16.8285714286	16.44
17.25	16.819047619	16.8892857143	16.8632653061	16.4142857143	16.4542857143
17.25	16.5698412698	16.8517857143	17.0183673469	17.1880952381	17.4428571429
17.25	16.5	16.8375	16.2448979592	15.4952380952	15.5142857143
17.2385714286	16.8523809524	16.4696428571	16.012244898	16.2166666667	16.1285714286
17.2385714286	16.4174603175	16.6607142857	16.1306122449	15.8452380952	15.2685714286
17.2385714286	16.6333333333	16.4321428571	16.6204081633	16.1380952381	14.56
17.25	17.2555555556	17.3857142857	16.9040816327	16.5928571429	15.9257142857
17.25	16.5253968254	16.6892857143	17.4571428571	17.0333333333	17.3685714286
17.2385714286	16.5492063492	16.7	16.4591836735	16.0261904762	17.0085714286
17.25	17.0777777778	16.8535714286	17.5734693878	16.7095238095	16.8514285714
17.25	16.5507936508	16.7714285714	17.0163265306	17.269047619	16.8142857143
17.25	16.7253968254	16.9857142857	17.006122449	17.3714285714	16.5742857143
17.25	16.6555555556	16.4017857143	15.5102040816	14.6642857143	14.7085714286
17.2385714286	16.8619047619	16.3142857143	15.8734693878	16.3619047619	15.3171428571
17.2385714286	16.7412698413	17.2339285714	17.2265306122	17.1095238095	16.8257142857
17.2385714286	16.8571428571	17.2678571429	16.7530612245	17.519047619	16.9485714286
17.25	16.8142857143	17.0285714286	17.1081632653	17.4785714286	17.4771428571
17.25	16.8412698413	16.2946428571	15.9428571429	15.3976190476	16.0342857143
17.25	16.7841269841	16.8267857143	17.0551020408	16.9357142857	16.6285714286
17.2385714286	16.5365079365	16.3589285714	16.5367346939	16.6047619048	16.0685714286
17.2385714286	16.626984127	16.9625	15.8714285714	15.1595238095	15.0228571429
17.2385714286	16.5650793651	16.8178571429	16.6734693878	16.5547619048	16.92
17.2385714286	16.1412698413	15.5589285714	15.2428571429	15.6047619048	15.1028571429
17.2385714286	16.9063492063	17.2785714286	17.0693877551	16.5119047619	16.7942857143
17.25	16.9317460317	17.3892857143	17.5836734694	16.4214285714	15.8171428571
17.2385714286	16.8015873016	16.8946428571	16.5755102041	16.1976190476	15.5428571429
17.2385714286	16.619047619	16.8107142857	16.7918367347	15.4571428571	15.2371428571
17.2385714286	16.7031746032	17.1446428571	17.3959183673	17.330952381	18.1057142857
17.25	16.573015873	16.0642857143	16.3285714286	16.5261904762	16.0428571429
17.2385714286	16.4333333333	16.4392857143	16.3020408163	16.3	16.7257142857
17.25	16.8507936508	16.8964285714	16.7836734694	16.6	16.7514285714
17.2385714286	16.8063492063	17.0482142857	17.0408163265	17.4380952381	17.4085714286
17.25	16.873015873	17.2535714286	17.0387755102	16.7738095238	16.5942857143
17.25	16.7126984127	16.9964285714	16.5734693878	16.3047619048	15.8171428571
17.25	16.7142857143	17.2696428571	17.3408163265	16.7380952381	15.7171428571
17.3014285714	16.6571428571	16.6767857143	16.3326530612	16.2285714286	16.0314285714
17.2385714286	16.9587301587	17.0267857143	17.6102040816	18.3023809524	17.1085714286
17.25	16.7174603175	16.575	16.8040816327	16.8119047619	16.9228571429
17.3014285714	16.5555555556	16.1732142857	16.3428571429	16.4928571429	16.3771428571
17.25	16.7158730159	16.8321428571	16.8979591837	16.2904761905	16.4771428571
17.25	16.3095238095	16.3321428571	15.6530612245	15.4547619048	15.3885714286
17.25	16.7777777778	17.0232142857	16.5653061224	17.5428571429	18.0142857143
17.25	16.3492063492	16.6517857143	15.8326530612	15.1952380952	14.5971428571
17.25	17.0126984127	16.6160714286	16.0020408163	16.230952381	16.2085714286
17.25	16.719047619	16.6517857143	16.412244898	15.8976190476	16.1057142857
17.2385714286	16.6444444444	15.9285714286	15.7285714286	15.5404761905	15.4371428571
17.25	16.3952380952	16.0892857143	16.3530612245	15.8428571429	15.5114285714
17.2385714286	16.1777777778	15.8767857143	15.5918367347	15.0214285714	14.3771428571
17.2385714286	16.680952381	16.8482142857	16.8755102041	17.1214285714	16.7685714286
17.25	16.7285714286	16.8946428571	17.2897959184	17.1761904762	17.7857142857
17.2385714286	16.4968253968	16.4267857143	16.1428571429	16.3904761905	16.4714285714
17.2385714286	17.0444444444	17.2357142857	17.3714285714	17.0119047619	17.2542857143
17.2385714286	16.5841269841	16.2767857143	16.7244897959	16.1166666667	16.5514285714
17.25	17.1095238095	16.9178571429	17.2448979592	17.2095238095	16.4685714286
17.25	16.5412698413	16.7821428571	16.1693877551	15.730952381	16.2057142857
17.25	16.6444444444	16.9071428571	16.7591836735	16.8071428571	16.7628571429
17.3014285714	16.8444444444	16.5696428571	16.3367346939	16.5142857143	16.3314285714
17.25	16.7063492063	16.6857142857	16.5959183673	16.4976190476	15.2142857143
17.25	16.0349206349	16.3071428571	16.4387755102	16.9976190476	16.0171428571
17.25	16.5079365079	16.3767857143	16.4795918367	16.0547619048	15.8285714286
17.25	16.6142857143	17.2910714286	17.587755102	17.5214285714	17.0485714286
17.25	16.7555555556	16.2625	16.3346938776	16.3357142857	16.8
17.25	16.5285714286	16.6392857143	16.6102040816	16.0880952381	15.7
17.25	16.8333333333	17.3392857143	17.6510204082	17.1738095238	16.9971428571
17.25	17.0587301587	17.1607142857	17.3367346939	16.5	16.4285714286
17.2385714286	16.3492063492	15.9946428571	15.9224489796	16.6166666667	17.2828571429
17.25	16.8047619048	16.7946428571	15.7183673469	16.3404761905	16.1971428571
17.2385714286	16.926984127	17.2625	17.093877551	16.5976190476	16.04
17.2385714286	16.9126984127	16.0410714286	16.4408163265	17.0571428571	17.2971428571
17.25	16.6619047619	16.6339285714	16.6836734694	16.1571428571	16.1457142857
17.2385714286	17.0761904762	16.9035714286	16.2	15.7119047619	15.3571428571
17.2385714286	17.1650793651	16.9267857143	17.2489795918	17.7476190476	17.14
17.2385714286	16.7873015873	17.175	17.1224489796	16.8904761905	17.4628571429
17.25	16.9444444444	17.1589285714	16.2469387755	16.1738095238	15.9657142857
17.25	16.853968254	17.1285714286	17.0673469388	16.7523809524	16.7485714286
17.25	16.7984126984	15.9303571429	15.4346938776	15.2380952381	16.5257142857
17.2385714286	16.853968254	16.5982142857	16.7367346939	16.5976190476	16.4942857143
17.25	16.7571428571	16.8767857143	17.4224489796	17.2285714286	17.1914285714
17.2385714286	17.2380952381	17.3071428571	16.6714285714	16.4380952381	14.9714285714
17.2385714286	16.7571428571	16.6589285714	16.4306122449	16.169047619	16.2428571429
17.2385714286	16.5	16.4767857143	16.1163265306	14.8571428571	14.7542857143
17.25	17.3095238095	17.6089285714	17.593877551	17.430952381	17.4885714286
17.25	16.5349206349	16.6017857143	16.4224489796	15.6	15.7028571429
17.25	17.1301587302	16.8178571429	16.293877551	15.8119047619	15.4657142857
17.25	16.7015873016	16.4553571429	16.6632653061	16.6595238095	17.0342857143
17.25	16.7555555556	17.0571428571	16.8551020408	16.9738095238	16.7457142857
17.2385714286	17.1523809524	17.4678571429	17.3489795918	17.4619047619	17.1628571429
17.25	16.2698412698	16.2875	16.193877551	15.9714285714	15.4257142857
17.25	16.9920634921	16.9607142857	16.3836734694	16.519047619	16.5685714286
17.2385714286	16.8079365079	17.0053571429	17.2367346939	17.0833333333	16.8742857143
17.25	17.1095238095	17.1267857143	16.9755102041	16.819047619	16.2371428571
