17.5585714286	17.8015873016	17.6839285714	17.3448979592	17.5261904762	17.9114285714
18.0371428571	18.3603174603	18.2928571429	17.6285714286	17.6880952381	17.8485714286
18.1914285714	17.9746031746	18.3946428571	18.3408163265	18.55	19.3371428571
18.6642857143	18.2603174603	18.5821428571	18.8857142857	18.4357142857	18.52
17.5585714286	17.3888888889	17.3321428571	17.7367346939	17.0214285714	17.38
18.2814285714	18.0968253968	17.9107142857	17.6653061224	17.7904761905	18.9171428571
17.5585714286	17.4523809524	17.0553571429	17.1469387755	17.2976190476	17.5457142857
17.5585714286	17.6555555556	17.6285714286	18.106122449	17.7952380952	17.8914285714
17.5585714286	18.080952381	18.4535714286	18.2673469388	18.5404761905	18.1571428571
17.5585714286	17.9777777778	17.4875	17.587755102	17.2738095238	17.2885714286
17.5442857143	17.8698412698	18.1839285714	18.1734693878	18.3261904762	18.8171428571
17.5585714286	17.4349206349	17.9964285714	17.3367346939	17.069047619	17.3171428571
17.5442857143	18.0873015873	17.6767857143	17.387755102	17.830952381	17.1742857143
17.5442857143	17.773015873	17.6142857143	17.706122449	17.3047619048	16.3485714286
17.5442857143	17.8111111111	17.7982142857	17.8469387755	17.4333333333	16.0542857143
18.0371428571	18.2603174603	18.5928571429	17.7142857143	17.3928571429	17.2228571429
17.5585714286	17.1158730159	17.4857142857	18.2244897959	18.230952381	18.4428571429
17.5585714286	17.6571428571	17.7875	17.4224489796	17.2119047619	18.34
17.5585714286	18.173015873	17.9946428571	18.6306122449	18.4119047619	17.9057142857
17.5585714286	17.4174603175	17.5589285714	18.1510204082	18.7404761905	18.5028571429
17.5585714286	17.7825396825	17.9267857143	17.9979591837	18.0404761905	17.7885714286
17.5585714286	17.7793650794	17.0642857143	16.2346938776	15.6619047619	15.7971428571
17.5585714286	18.3238095238	17.2571428571	17.0571428571	17.45	16.0057142857
17.5585714286	17.7666666667	18.0946428571	18.3673469388	18.1380952381	18.0371428571
18.0371428571	17.8285714286	17.9339285714	17.8428571429	18.669047619	18.6371428571
17.5585714286	18.1095238095	18.1910714286	18.3469387755	19.0047619048	18.8714285714
17.5585714286	18.0650793651	17.325	16.8591836735	16.8523809524	17.4514285714
17.5585714286	17.6476190476	17.9803571429	18.3448979592	18.4095238095	17.5885714286
18.0371428571	17.5174603175	17.1642857143	17.6775510204	17.6619047619	16.7828571429
17.5585714286	17.7682539683	18.1142857143	17.1591836735	17.0261904762	16.8771428571
17.5585714286	17.719047619	17.8785714286	17.393877551	17.1380952381	17.2171428571
17.5585714286	17.4253968254	16.9410714286	16.5755102041	16.8928571429	16.9971428571
18.1914285714	18.0476190476	18.45	18.4102040816	18.15	18.7257142857
17.5585714286	18.1285714286	18.5375	18.806122449	17.7952380952	17.22
17.5585714286	17.9777777778	18.0607142857	17.9102040816	17.4357142857	16.48
17.5585714286	17.9857142857	18.1803571429	17.9673469388	17.1404761905	16.5428571429
17.5585714286	17.7111111111	18.0321428571	18.112244898	18.4761904762	19.5828571429
17.5585714286	17.2682539683	17.0285714286	17.412244898	17.6547619048	17.6571428571
17.5585714286	17.7492063492	17.9428571429	17.7530612245	17.769047619	18.2428571429
17.5585714286	18.119047619	17.8232142857	17.9387755102	17.5380952381	17.5114285714
18.6642857143	18.2666666667	18.0767857143	18.1020408163	18.1285714286	17.9542857143
17.5585714286	18.0380952381	18.4892857143	17.9408163265	17.6833333333	17.6942857143
17.5585714286	17.8015873016	17.8446428571	17.7897959184	17.5880952381	17.7057142857
17.5585714286	18.0015873016	17.9107142857	17.6959183673	16.9714285714	16.1428571429
17.5585714286	18.0650793651	17.8910714286	17.406122449	17.4428571429	16.9085714286
18.1228571429	18.0825396825	17.9428571429	18.4551020408	18.9023809524	17.7428571429
17.5442857143	17.8761904762	17.4767857143	18.0387755102	18.1285714286	18.12
17.5585714286	17.773015873	17.1946428571	17.3244897959	17.1428571429	16.8971428571
17.5585714286	17.9952380952	18.1125	17.6816326531	17.3976190476	17.5542857143
17.5585714286	17.7888888889	17.6482142857	17.2265306122	16.9476190476	16.78
17.5442857143	18.0761904762	17.9035714286	17.6142857143	18.2904761905	18.7571428571
18.0371428571	17.6158730159	18.1553571429	17.293877551	17.0095238095	15.6314285714
17.5585714286	17.9380952381	17.9410714286	17.1551020408	17.15	17.0885714286
18.1228571429	17.5412698413	17.1107142857	16.9897959184	16.7928571429	17.2685714286
17.5585714286	17.8126984127	17.0875	17.1714285714	16.7595238095	16.7685714286
18.1914285714	17.6428571429	17.4767857143	17.7326530612	17.0904761905	17.0971428571
17.5585714286	17.446031746	16.8642857143	16.4632653061	16.8023809524	16.1057142857
17.5585714286	17.7	17.9321428571	18.0285714286	18.0428571429	17.5057142857
18.2814285714	18.0063492063	18.1696428571	18.5551020408	18.7857142857	19.4571428571
17.9	17.8920634921	17.5464285714	17.087755102	17.5428571429	17.5657142857
17.9	18.026984127	17.7892857143	18.0244897959	17.9976190476	18.6828571429
17.5585714286	18.1968253968	17.4517857143	18.1734693878	17.3619047619	17.9114285714
17.5585714286	18.3142857143	17.5625	17.6306122449	17.7976190476	16.9657142857
18.1914285714	17.7523809524	17.6446428571	17.3632653061	16.8857142857	17.1457142857
18.1914285714	17.946031746	18.1857142857	17.9163265306	18.330952381	18.3657142857
17.5585714286	18.1476190476	17.4982142857	17.1959183673	17.3	17.1057142857
18.6642857143	17.9317460317	17.9964285714	18.2204081633	18.2619047619	16.6057142857
17.5585714286	17.0158730159	17.1767857143	16.9285714286	17.7571428571	17.4085714286
17.5585714286	17.7031746032	17.3892857143	17.3367346939	17.169047619	16.7485714286
17.5585714286	17.6968253968	18.0214285714	17.8428571429	18.319047619	17.6857142857
17.5585714286	18.0142857143	17.5910714286	17.7306122449	17.9166666667	18.5857142857
17.5442857143	17.5333333333	16.8857142857	16.9857142857	16.6738095238	16.2142857143
17.5442857143	17.8492063492	18.2553571429	18.8918367347	18.2333333333	18.2257142857
18.0371428571	18.373015873	18.825	18.7857142857	18.3523809524	18.5342857143
18.2814285714	17.5428571429	17.3196428571	17.4571428571	18.1714285714	18.8685714286
18.1228571429	18.2428571429	17.5321428571	16.7612244898	17.5142857143	17.2257142857
17.5585714286	18.0746031746	18.5785714286	18.2816326531	17.6214285714	17.44
18.1228571429	17.5333333333	17.1142857143	17.4367346939	18.0547619048	18.9028571429
17.5442857143	17.8777777778	17.5160714286	17.6510204082	17.319047619	16.9942857143
17.5585714286	17.6968253968	17.6857142857	17.2632653061	17.2023809524	17.24
17.5585714286	18.4873015873	18.1982142857	18.5265306122	18.3785714286	18.0142857143
17.5585714286	18.2920634921	18.2696428571	18.2510204082	18.6261904762	18.9114285714
18.0371428571	18.4333333333	18.2232142857	17.4918367347	17.4880952381	17.6971428571
17.5585714286	17.9746031746	17.8089285714	18.0836734694	18.1214285714	18.2228571429
18.1914285714	18.0746031746	17.2446428571	16.9959183673	16.55	17.1028571429
17.5585714286	18.2428571429	17.9142857143	17.4673469388	17.4357142857	17.8371428571
17.5585714286	18.080952381	17.8	18.5857142857	18.9452380952	19.4857142857
17.5585714286	17.9904761905	17.85	17.5530612245	17.2238095238	16.3314285714
17.5585714286	18.1714285714	17.8196428571	17.5428571429	17.4976190476	17.2371428571
17.5585714286	17.1095238095	17.3035714286	17.1081632653	16.4238095238	16.2114285714
17.5585714286	18.3793650794	18.6339285714	18.3510204082	18.5714285714	18.9971428571
17.5442857143	17.9746031746	17.7767857143	17.6	17.5738095238	17.5571428571
17.5585714286	18.1238095238	17.9410714286	17.3918367347	16.9928571429	17.1285714286
17.5442857143	17.446031746	17.2767857143	17.5102040816	17.880952381	17.9542857143
18.1785714286	18.0698412698	18.2214285714	18.2102040816	18.5238095238	18.9428571429
17.5585714286	18.5492063492	19.0196428571	18.4510204082	18.8404761905	18.84
17.5442857143	17.0	16.9517857143	17.3755102041	17.330952381	16.9428571429
17.5585714286	17.6476190476	17.6607142857	17.5918367347	17.4476190476	17.4371428571
17.5585714286	17.7555555556	18.025	18.5	17.9738095238	18.3685714286
17.5585714286	18.3666666667	17.9017857143	18.0918367347	18.3119047619	17.3142857143
