27.9078841907	28.1943650793	28.2755889164	27.996902161	28.2659563028	28.7881424003
28.7407127857	29.1460199031	28.8730596132	28.0018220981	28.1689207326	28.5125035229
28.988174929	28.3770531038	29.0517702928	29.3541013371	29.7163975898	30.6279983955
29.6795985726	28.8092798101	29.2661432863	29.4817826836	29.281921938	29.3590579841
27.9078841907	27.7855449458	27.9622194092	28.2826477414	27.2191721647	27.7679671564
29.1690883348	28.5757417379	28.4561693035	28.1966129099	28.3845195905	29.4114166366
27.9078841907	27.5706020108	27.1126947072	27.0852772719	27.2124358826	27.6595114098
27.9078841907	28.3006253787	28.1331020076	28.7002808775	28.2568154442	28.4453360475
27.9078841907	28.7181431508	29.1339884965	28.7867954423	29.0493422596	28.5933558716
27.9078841907	28.59648108	27.93835689	28.1421319704	27.6979885809	27.7067810163
27.8991807355	28.5050260119	28.8502599642	28.6784068666	28.8585631428	29.0036450911
27.9078841907	27.6538696738	28.5487052496	27.8729259318	27.5600210795	27.7180188944
27.8991807355	28.6437616134	28.2633975816	27.9394388794	28.7370260581	27.7609695179
27.8991807355	28.1242424942	28.0698109312	28.2622557847	27.8354860873	26.4892430998
27.8991807355	28.2432461375	28.3975916987	27.8897611232	27.4062905535	26.0579025578
28.7407127857	28.6064705745	29.0790793723	27.7550510204	27.4194491279	27.6226615041
27.9078841907	27.1001962155	27.5643403176	28.7463218588	29.0609785828	29.1834101601
27.9078841907	27.9562583504	28.4898791553	27.96181799	27.7400775911	28.9121328956
27.9078841907	28.5776858228	28.2656720119	29.0389955974	29.0217078031	28.2126111619
27.9078841907	27.3029157115	27.6914440113	28.3605791369	28.9852589793	28.7242058202
27.9078841907	28.2454940921	28.5421680526	28.7131840585	28.5909159733	28.3726226191
27.9078841907	28.0571695277	27.1819924635	25.9554956628	25.3838156162	25.419846015
27.9078841907	28.9244774685	27.6360918262	27.4247765232	28.0653573951	26.4444431106
27.9078841907	28.1302243825	28.3853269439	28.6055510526	28.413863149	28.0251417736
28.7407127857	28.186960849	28.5806190576	28.4661273826	29.3785230917	29.0258505474
27.9078841907	28.4711215428	28.472010065	28.8461789639	29.7855030254	29.3402210528
27.9078841907	28.3757385751	27.2277432043	26.4338604746	26.4557132186	26.8675055996
27.9078841907	28.0307087838	28.6245711134	29.0493949496	29.3627558068	28.2921493402
28.7407127857	28.075860953	27.510452559	28.197264305	27.9902193802	26.6452890503
27.9078841907	28.3266658822	28.687167365	27.7542421836	27.9360238504	27.613092133
27.9078841907	27.967810295	28.2072052599	27.2864996147	26.9755621328	26.4123347808
27.9078841907	27.7672297433	27.7599724681	27.5174898001	27.6876713152	27.646389586
28.988174929	28.5677140443	28.6892214703	28.9204750575	28.7963704724	29.3693718012
27.9078841907	28.3550337067	28.8702454342	28.8990148833	27.4707636796	26.8074083577
27.9078841907	28.5263453837	28.5909576115	28.306846363	27.6855214009	26.1374389389
27.9078841907	28.3411473819	28.7047469942	28.4141384755	27.4531202147	27.0231646661
27.9078841907	28.1330173758	28.7122422869	28.7116914251	29.2076310968	30.4639365245
27.9078841907	27.4419734123	27.2397424993	27.6145480735	28.13576778	28.231289632
27.9078841907	28.3492392328	28.5477044361	28.3189199033	28.1333135861	28.5842614038
27.9078841907	28.6491363897	27.9437253371	28.2127486019	27.9468884033	27.6695293987
29.6795985726	28.8281718474	28.3382943836	28.3376867404	28.2259590077	28.0911780763
27.9078841907	28.4598854419	28.9394688469	28.4077813427	27.9804778883	27.7855563712
27.9078841907	28.1096210158	28.0772849216	28.2360675414	27.8780080589	27.907141943
27.9078841907	28.3993907826	27.7936914733	27.5078838421	26.7126686549	25.5527465675
27.9078841907	28.5773525605	28.2520226836	27.7457479736	27.9473995724	27.5349129029
28.8622343457	28.5453690682	28.5425747162	28.9567939932	29.1091950781	27.576491023
27.8991807355	28.4228278476	27.66699297	28.6136473789	28.6504383744	28.527881099
27.9078841907	28.3662274041	27.3744210637	27.3932436181	26.6098800126	26.3116486968
27.9078841907	28.273353881	28.4545690531	27.8528201774	27.6417127855	28.0215223406
27.9078841907	28.4949731016	28.2145162739	27.7589845724	27.4234866319	27.4907257089
27.8991807355	28.773334216	28.2890690651	27.9477281761	28.1572962717	28.6948975056
28.7407127857	27.939162933	28.6233234069	27.6611419777	27.793198894	25.5531379119
27.9078841907	28.3757385751	28.5824933932	27.4676061526	27.4512988677	27.3851367403
28.8622343457	27.6498801628	26.9817398571	27.0296511412	26.6410442381	27.1345852057
27.9078841907	28.2055381256	27.5530332787	27.5608417869	27.3746928663	27.576232002
28.988174929	28.183103122	27.7771424531	28.1583351201	27.5245345101	27.5957553672
27.9078841907	27.8476866327	27.0602502364	26.3856408074	26.991400747	26.1845647008
27.9078841907	28.1009235571	28.4213827954	28.625662812	28.5132383623	27.7028621523
29.1690883348	28.5117630974	28.6286881592	29.2167829879	29.59335511	30.5695460035
28.5186655669	28.4921041694	27.9756909783	27.4466830084	27.6532956789	27.7803630543
28.5186655669	28.5274860497	28.2079649339	28.5350482669	28.5594200955	29.483506285
27.9078841907	28.8699877117	27.7716132049	28.8418983779	27.9388788676	28.7466271313
27.9078841907	28.8351637184	27.9715735805	28.2354170415	28.3290613026	27.3449917065
28.988174929	28.1556332292	27.8947319655	27.5911846318	26.7922341271	27.3144127313
28.988174929	28.3569089591	28.5070166801	28.3706157271	28.7195387282	28.3965792709
27.9078841907	28.7829038764	28.0557162497	27.6836354814	27.9554066668	27.6948164309
29.6795985726	28.24734852	28.3274223526	28.4961150234	28.5324376806	26.4714401357
27.9078841907	27.0356613407	27.0218496248	26.4346325096	27.3712570827	27.0165557708
27.9078841907	28.0316431176	27.5370529599	27.3678270819	26.8614168332	26.5153324917
27.9078841907	28.086289939	28.548267398	28.1383245081	28.6497735385	27.8689791704
27.9078841907	28.5775747358	28.0694610361	28.2378382707	28.2415179007	28.9478842059
27.8991807355	27.7659720944	26.6359048762	27.0190031388	26.604824124	26.1780169499
27.8991807355	28.1490646607	28.3144650059	29.161233702	28.1983619923	27.9510286036
28.7407127857	28.8840319482	29.1260192955	29.1751571704	28.7355760919	28.8047119161
29.1690883348	27.9049975612	27.6496254173	27.925483936	28.6824153861	29.3870719875
28.8622343457	28.9353137352	27.7788460112	26.8910500247	27.6499375699	27.1502170473
27.9078841907	28.6357252729	28.8470102437	28.3827340444	27.7683015582	27.5812565755
28.8622343457	27.892423731	27.5285566017	27.8662256255	28.4811132072	29.6880928512
27.8991807355	28.1387435556	27.8649485401	28.0959362302	28.0361161633	27.4217848747
27.9078841907	27.873153722	28.0428243941	27.7611165452	27.5318430359	28.0196869565
27.9078841907	29.1905344519	28.7354000196	28.9773310414	28.7610434277	28.6485601732
27.9078841907	29.0532625275	28.8558300621	28.7349250628	29.1399333267	29.0977171417
28.7407127857	29.1888487078	28.5737454418	28.0494097577	27.6078405013	28.2150922127
27.9078841907	28.4447668633	28.0349590435	28.1649297053	28.2510429643	28.2504108693
28.988174929	28.4798174151	27.7718704036	27.3669695145	26.9419570117	27.3403939777
27.9078841907	28.9675516331	28.7333181416	28.4021772664	28.441544061	29.0336258254
27.9078841907	28.4827711778	27.8604943039	29.2132553084	29.4787655618	30.2754025572
27.9078841907	28.1560278584	27.8840071931	27.5316144808	26.8485168518	26.3136032175
27.9078841907	28.7944549336	28.2964851427	28.1619224761	28.564338406	27.9863742356
27.9078841907	27.0803917816	27.7655361915	27.7185931851	27.2179912488	26.9065047897
27.9078841907	28.8924387318	29.2523198103	29.0758332921	29.1817783981	29.7342034893
27.8991807355	28.6549810069	28.3541065305	28.0166859903	28.0661209086	27.8400020525
27.9078841907	28.5460363356	28.1510276392	27.4092938208	27.0688276172	27.3763714594
27.8991807355	27.5703717208	27.3561497395	27.778129703	28.133525163	28.0341628324
28.9922403412	28.7366255986	28.8343792819	29.0397686503	29.4103966068	29.9620712616
27.9078841907	29.1494234744	29.7021824595	28.6668050938	29.0992145206	29.0623959292
27.8991807355	27.2469016733	27.1910239916	27.7637996576	27.7223049272	27.5308657951
27.9078841907	27.8776237288	27.9537883965	28.4040094899	27.8426702332	27.9087799805
27.9078841907	28.0889742816	28.506390261	29.1855779313	28.2187458801	28.8438654037
27.9078841907	28.9563163052	28.0714967284	28.4194888578	28.6516433502	27.8018498871
