27.5371178075	26.9551655974	26.7681847402	27.0839586532	26.8281568506	26.8152408689
27.3601639511	26.9927679909	26.6279257279	25.7860110786	25.1092849455	24.950923258
27.3601639511	26.5684799525	26.1947718339	26.584290282	26.6255784645	27.4078195307
27.3716485228	27.143475348	27.3808783643	28.1566681123	28.287469883	28.5161107346
27.3716485228	26.0694432817	25.8163500242	26.7972356174	26.015151263	25.2550419294
27.3716485228	26.8839658356	27.7305916685	27.0294246317	27.0429992701	27.7646229168
27.3716485228	26.4490225462	26.4720202694	26.6532917139	26.4089631249	26.3184888841
27.3716485228	26.6640772552	26.4101914852	26.5852882441	25.8603391868	26.2639350767
27.5371178075	26.2935504193	26.3801873707	26.0542213274	26.2355629233	26.0130736362
27.3716485228	26.7447665849	27.1373490652	26.8504930977	26.2646784357	26.4041663379
27.3716485228	26.3656522591	26.6142751706	26.7982256495	27.1096977904	27.0749752671
27.3716485228	26.1767193307	26.7311682712	26.3162090192	25.2764712727	24.9058799713
27.3601639511	26.7641966482	26.4982816154	25.8113248361	26.1794630524	26.1066493993
27.3601639511	26.0119935707	27.1810070243	25.8677957535	25.3201876921	24.6476889673
27.3601639511	26.3688428456	26.1141723974	26.0320054188	25.7050115551	23.7841483826
27.3716485228	26.9332802923	27.1626055977	26.5834458232	26.6175291329	26.0199923136
27.3716485228	26.3304700071	26.4883397528	27.5777934918	27.3792587468	27.8775383213
27.3601639511	26.2296935818	26.6391897131	26.3919823942	25.714318783	26.7073558621
27.3716485228	26.8180524369	26.4053565994	27.5380627125	26.4932156635	26.8619752491
27.3716485228	26.2443644744	26.6301386725	26.615861467	26.8842758079	26.2778016041
27.3716485228	26.6103273901	26.9855119859	26.9644134339	27.414803092	26.4270964839
27.3716485228	26.2530119209	25.90838943	24.727576938	23.7083971461	23.5986682433
27.3601639511	26.6475824568	26.1268198273	25.7498959776	26.7187289404	25.2390287339
27.3601639511	26.4144320821	26.781090077	26.5641695154	26.5117224746	25.9038331416
27.3601639511	26.6216286337	27.5149959113	26.7938844683	27.8437818997	26.4693893286
27.3716485228	26.3270336045	26.5498856602	26.6961359277	27.3343060222	27.2688728878
27.3716485228	26.478502811	25.4084842411	25.3583299521	24.3352086688	24.9577929427
27.3716485228	26.662916403	26.7600114777	27.0488975218	27.1629562175	26.724306753
27.3601639511	26.5793212378	26.2388411656	26.4705072695	26.352464419	25.6721082667
27.3601639511	26.3781114166	26.8387712621	25.4911349136	24.5990224351	24.6126564422
27.3601639511	26.0883724023	26.493665011	26.2081931417	26.3253906044	26.3223967645
27.3601639511	25.8434542386	25.6280050503	25.709086776	25.8102047002	24.8571921182
27.3601639511	26.7076173665	27.0185121722	26.9704297636	26.1669093104	26.2969851613
27.3716485228	26.7707789049	27.3610124082	27.2415498975	25.5009336897	24.747756031
27.3601639511	26.6419230442	26.7696189738	26.1586993373	25.8288782641	24.8077176931
27.3601639511	26.39275995	26.6147783867	26.7668695615	24.8949220295	24.9458270201
27.3601639511	26.6434124799	27.1502104701	27.6199425142	27.6104276368	28.3247998354
27.3716485228	26.4037335022	25.8091207577	25.9760879052	26.5105998567	25.902950742
27.3601639511	26.2464812456	26.2217194598	26.0930829837	26.0908668567	26.5672193287
27.3716485228	26.6560097753	26.4346228593	26.4806436817	26.3105084927	26.4267721395
27.3601639511	26.4569131602	26.6670275273	26.6225315038	26.9830634711	27.0282920553
27.3716485228	26.6201379792	27.0695532709	26.9981480846	26.8257605404	26.4033547652
27.3716485228	26.4159343447	26.6730200765	26.389739812	25.7761425316	24.565829927
27.3716485228	26.3612269387	26.7994869354	27.079437187	26.5634012452	24.9602541196
27.5371178075	26.3677893927	26.4588292042	26.0382371891	25.7452723353	26.0118105044
27.3601639511	26.7676065778	26.9968582828	27.6037190632	28.1295895726	26.5573234452
27.3716485228	26.5784254314	26.1166339988	26.3709023318	26.4831932329	26.7014713345
27.5371178075	26.4587129707	25.6160175894	25.762494492	25.6246254328	25.8006644433
27.3716485228	26.4473421115	26.6255784645	26.7090139947	25.9267282567	26.4043827531
27.3716485228	25.9387863039	26.0397361189	25.1363627976	24.7783027206	25.2458766082
27.3716485228	26.6645832519	26.9678048792	26.413393325	27.1722898066	27.8033399844
27.3716485228	26.1550929818	26.266661379	25.3162849904	24.573698677	23.5030089259
27.3716485228	26.9048883267	26.4644977821	25.5620493573	25.9904286412	26.0308059257
27.3716485228	26.4909388522	26.3368630847	26.2398668488	25.2489037952	25.3723696737
27.3601639511	26.5956793245	25.9171068712	25.6024950952	25.7772971356	25.8632116004
27.3716485228	26.2403723841	25.4938367902	25.8554458796	25.4984593372	24.8756335167
27.3601639511	25.5813672271	25.2005881451	24.71032173	23.754448205	23.1007730236
27.3601639511	26.4403191393	26.4925528619	26.6322269103	27.2203092946	26.5914594238
27.3716485228	26.4642616156	26.6293004575	27.2405759776	27.2803784361	28.1946803493
27.3601639511	26.13727497	26.0563606164	25.6308965341	25.8551827723	26.0135678884
27.3601639511	27.0941919624	27.3706699119	27.5311326557	27.0554545156	27.3405507312
27.3601639511	26.1552143577	25.9383541167	26.4917777002	25.961464116	26.5706067461
27.3716485228	26.94759759	26.9123577562	27.5200112719	27.1911225009	26.4078992511
27.3716485228	26.1789022045	26.4538006991	25.4818462792	24.9323370058	25.5707422095
27.3716485228	26.289052583	26.6593591178	26.734980525	26.5231704634	25.8828680239
27.5371178075	26.8062418697	26.6776056433	26.3703219084	26.8147081175	26.5844207868
27.3716485228	26.2936711559	26.3105763633	26.2598475212	26.232340999	24.624784263
27.3716485228	25.5844074538	25.5729349117	25.6923318982	26.293806984	24.7910121962
27.3716485228	26.2367729336	26.1228895251	26.2650928428	25.2819811611	25.3558671711
27.3716485228	26.564656075	27.5411056423	27.7558598336	27.3898225798	26.7567347997
27.3716485228	26.5862477877	25.9924783076	25.8864869011	25.7984403368	26.0668371691
27.3716485228	26.1185636106	26.5724750178	26.4730513727	25.9786084161	25.6192449984
27.3716485228	26.5055549733	27.0383986212	27.3859415744	26.8349008711	26.2156441843
27.3716485228	26.8872129873	26.831551257	27.2588873356	25.68527464	25.3959501833
27.3601639511	25.9435895988	25.3701525982	25.269486318	26.1848283954	26.7408195194
27.3716485228	26.4529831486	26.9903091074	24.9021759561	25.9162111428	25.6830683525
27.3601639511	26.8277278972	26.8500798083	26.5761900496	26.1917380648	25.4448423064
27.3601639511	26.9127632434	25.9300225883	26.4284942084	27.1551100163	27.1442706399
27.3716485228	26.1702909228	26.3559087981	26.3905904691	25.9693042245	25.8506148034
27.3601639511	27.0487508147	26.7946556505	25.8980733662	24.8424080575	24.8199804305
27.3601639511	27.0552051736	26.6473330212	26.9385544209	28.0750694355	27.4053696511
27.3601639511	26.7581170002	27.1745022296	26.9226404988	26.406258277	26.8738853589
27.3716485228	26.8512362637	26.7954220504	25.9712164065	25.4685146425	25.1357457476
27.3716485228	26.4855755891	26.7785895286	26.5237283063	26.0825612239	25.9813119651
27.3716485228	26.3963381299	25.4535641624	24.5988634216	24.3940859343	26.0002197793
27.3601639511	26.730281265	26.3656635472	26.9441978155	26.98354878	26.7764822185
27.3716485228	26.3616183235	26.3889519632	27.2188035245	26.7690297243	26.6326866838
27.3601639511	26.8951520975	27.0667165141	26.3018196003	25.9167164293	24.627046688
27.3601639511	26.4731370284	26.3115604685	26.0709784697	26.1787354637	26.2712770912
27.3601639511	26.1876318802	26.4039025795	26.0418423123	24.5174379148	24.1528466231
27.3716485228	27.1660677702	27.5026297444	27.624412451	27.2321151444	27.1120953503
27.3716485228	26.3773893073	26.3270976644	25.9922672959	24.6977924597	24.7892833989
27.3716485228	27.1323037128	26.4035982396	25.7290433843	25.2130446207	24.8770117636
27.3716485228	26.6617257327	26.0672550476	26.5018674737	26.3277420224	26.8562309876
27.3716485228	26.5276136453	26.8828809043	26.8742726527	27.088171729	26.5910296368
27.3601639511	27.0218606388	27.3394011848	27.0217221766	26.8999911489	26.4317449832
27.3716485228	26.1257034537	26.0996373812	25.9257574231	25.8607074628	25.0916605383
27.3716485228	26.9631435688	26.9066507976	26.3642460425	26.3669164999	26.7151642331
27.3601639511	26.5419404561	26.8876299226	27.223039462	26.9839017264	26.6556882163
27.3716485228	27.0503645488	26.9710492936	26.8142514651	26.4494126319	25.9562819261
