18.9687013976	18.5974724366	18.3654593699	18.2882590308	17.3547336614	16.9011579049
18.9687013976	18.862865206	18.7261071614	17.992925778	17.5653740855	17.3712343671
18.9687013976	18.4807976322	18.21918479	18.543615876	18.476021835	18.4824147129
18.9687013976	18.7219508648	18.4565407538	18.7265403303	18.5770331084	18.618748556
18.9687013976	18.0092377277	17.9423909106	18.1044411438	17.3081253436	16.9876143157
18.9687013976	18.907437733	18.1701456186	17.8200216773	17.9805473634	18.9565139588
18.9687013976	18.2954451143	17.9489190285	17.9953405201	17.535093051	17.4568723992
18.9687013976	18.2613589092	18.1142805902	18.435090622	18.1418016046	18.4905224242
18.9687013976	18.5398545924	18.0272000895	17.354601257	17.4533511874	17.3751382771
18.9687013976	18.2782939959	17.9983940583	17.7842642092	17.6339988501	17.7746717639
18.9687013976	18.3098370599	18.4355914473	18.8365568475	19.0597411879	19.1144770304
18.9687013976	18.3402405642	18.355719284	17.6382078295	17.1146586675	17.4704809097
18.9687013976	18.8647042465	18.127376911	17.9408239882	18.0659845777	17.7838179681
18.9687013976	17.6631209573	17.5853362727	17.5072064341	17.544553162	16.7014725269
18.9687013976	18.2201337902	18.1266285328	18.2761379788	18.081293671	16.5133073023
18.9687013976	18.8508077412	18.7426928195	18.0758069293	17.8443161847	17.8353397836
18.9687013976	18.3110813131	18.0218617125	18.4160025923	17.8141048722	17.7993954067
18.9687013976	18.1878254239	18.4062355214	17.8102557429	17.0747361122	17.4288908206
18.9687013976	18.8421227248	18.7993307255	19.3420075252	19.1374847328	19.2027456638
18.9687013976	17.9785871168	18.2559328954	18.2410931831	18.5855091554	18.2265175331
18.9687013976	18.7233494622	18.7571311283	18.4714627107	18.4522286515	18.3654619548
18.9687013976	18.4843622144	17.9432071004	17.0657478493	16.3565687585	16.5233567029
18.9687013976	18.3030949326	17.2804563025	16.536650589	16.8532681821	16.3945160113
18.9687013976	18.7059307519	19.0187755266	18.9825092299	18.6164692318	18.5838428371
18.9687013976	18.5244133758	18.5235230453	17.8416984197	18.2421510356	17.5225126607
18.9687013976	18.2960942994	18.2188690006	18.0770452869	18.0955889034	17.7652865476
18.9687013976	17.833318296	17.1787906757	16.9042960876	16.4469505627	16.862940245
18.9687013976	18.0145477444	17.8182411776	17.493629271	17.391739326	17.1003442298
18.9687013976	18.2104083727	17.7680491092	17.7045189206	17.5153829258	17.2775529943
18.9687013976	18.7624354178	18.8419074669	17.8675607082	17.4314840301	17.25601149
18.9687013976	17.9074164768	18.1311651353	17.9064066437	18.0214501183	17.481807805
18.9687013976	18.4411351567	17.5453133422	16.999487117	17.2838636046	17.2790388776
18.9687013976	18.8597597917	18.4605479816	18.5076902369	17.9662874076	18.2508495056
18.9687013976	18.6284481079	18.2762836557	18.1416888688	17.4205042615	16.8271184823
18.9687013976	18.3192576001	17.9320273733	17.8229118401	17.1697139218	16.5865794443
18.9687013976	18.5944868108	18.3242144583	18.1489343605	17.124619414	17.1330857647
18.9687013976	18.017470948	18.187992968	18.121393282	18.3921678684	18.8238941906
18.9687013976	18.1591913751	17.7491749429	17.8397197827	18.1334087506	17.1729315575
18.9687013976	17.9462638946	18.217383286	17.5492532216	17.8165284045	17.7517847332
18.9687013976	18.3571002701	18.1186167015	18.1092911557	18.4682862181	18.354345119
18.9687013976	18.2078501151	18.3474940726	17.8518757838	17.8801099712	18.0127651918
18.9687013976	18.3385690152	18.4827336432	18.4307843874	18.1471807318	17.6736870953
18.9687013976	18.4044758291	18.3149006291	17.8901011302	17.385823738	17.2330099993
18.9687013976	18.5234854922	18.5439392465	17.9204037686	17.4344526677	16.8063055386
18.9687013976	18.4262707093	18.0963843277	17.8022203776	17.8827496458	17.3849065415
18.9687013976	18.3983363042	18.6225151608	18.8902919611	19.070867578	17.8807296335
18.9687013976	18.3304350013	17.7401959618	17.7375781517	17.6220647024	17.8680383714
18.9687013976	18.2106502279	17.9443074135	17.7781559206	17.1254105396	17.0324558477
18.9687013976	18.8081089343	18.5617992688	17.8436871883	17.5738588233	17.6791625842
18.9687013976	18.0880278039	17.8925198835	17.3856556265	17.2213012363	17.0798390977
18.9687013976	17.9851729315	17.7759913699	17.2715929391	17.5841308398	17.9402062595
18.9687013976	17.4850992821	17.6598631805	17.3060498733	17.203108107	16.6375547073
18.9687013976	18.6053659039	18.120443455	17.1562827605	17.1863497821	17.228645211
18.9687013976	18.4158250208	18.4420064034	18.1367953323	17.9032274369	18.0445517565
18.9687013976	18.2508301723	17.5395046445	17.3654537777	17.4758431817	17.1257215463
18.9687013976	18.0088295148	17.342296927	17.1715541256	16.8495824892	16.9181781587
18.9687013976	18.2263160356	17.5781995165	16.9996411692	17.0667397527	17.0715078891
18.9687013976	18.4312799431	18.2484477003	18.472424731	18.8706770379	18.4009098722
18.9687013976	18.4815917901	18.5905073862	18.7218089307	18.6982685438	18.850549043
18.9687013976	18.312531144	17.9757399135	18.0163004886	17.8484380086	17.9196935379
18.9687013976	18.6587627513	18.6379702402	18.6218709492	18.3880412861	18.8828828987
18.9687013976	18.8276666145	18.5024904514	18.7093945619	18.6266708483	19.2803464727
18.9687013976	18.7931365899	18.5656053877	18.4643263138	17.9851706136	17.404608185
18.9687013976	17.4583881206	17.3432193537	16.9915761864	16.8020001113	17.3822929951
18.9687013976	18.6038053046	18.5261870303	18.0992085014	18.3557562646	18.3286814308
18.9687013976	18.7466514431	17.8459970045	17.5332027086	17.4274351635	17.0513494627
18.9687013976	18.3408210348	18.3074049553	18.3848355211	18.2087915977	17.4354602873
18.9687013976	17.8667259375	17.6356666477	17.8565304306	17.8074430332	17.7728627683
18.9687013976	18.4140086798	18.0572893869	17.7401696269	17.211990215	17.0044021934
18.9687013976	18.4841031493	18.8107934356	18.440144848	18.1903909967	17.88649202
18.9687013976	18.7379976613	18.0553762809	17.4137021585	17.4032025739	17.6875098555
18.9687013976	18.0488215284	18.0082413057	18.2502385284	18.3291086251	18.0837234638
18.9687013976	18.4897302456	18.2301942302	18.5505924179	17.4418189877	17.0172582812
18.9687013976	18.4468714216	18.015463691	17.9871433502	17.5188259025	17.5547358166
18.9687013976	18.0297067128	17.4405370151	17.6116190926	18.1119052823	18.5429161864
18.9687013976	18.4281385796	17.6864726842	17.0761609573	17.4122474976	17.0894021127
18.9687013976	18.6936002699	19.0965379127	18.7375285255	17.9742822321	17.692130817
18.9687013976	18.3013665606	17.7290282671	17.9144351582	18.0610381543	18.5650228169
18.9687013976	18.2173903038	17.5323259061	17.6576181452	17.0668479339	16.7954087665
18.9687013976	18.982214796	18.3710833	17.7518650248	17.5320995444	17.3767846882
18.9687013976	18.8004522502	17.7530009644	17.717759319	17.6459534331	16.9544524945
18.9687013976	18.4877483233	18.4611644686	18.449144624	18.0986592773	18.3828140733
18.9687013976	18.4562376326	18.3623662141	17.8378800769	18.0393636658	18.7168949837
18.9687013976	18.9198846588	18.5089060023	18.7588673599	18.4511941731	18.3250573182
18.9687013976	18.6341541609	17.4812570218	17.1783817532	17.0946311171	17.2318913232
18.9687013976	18.733539947	17.9298912978	17.7160118155	17.623724661	17.8657800682
18.9687013976	18.1321246555	18.3409470577	18.4541435845	18.3146818423	18.6506154404
18.9687013976	19.107493994	19.2144354449	18.9108084034	18.3494468131	17.3663543591
18.9687013976	18.8803636187	18.4302753446	18.2096286125	18.1941492301	17.9012389003
18.9687013976	17.7385945184	17.4071141737	16.9375222003	15.9974966952	16.0005321665
18.9687013976	19.0715111197	18.6944495275	18.7178442912	18.3663365093	19.0093171048
18.9687013976	17.7836556154	17.9236097658	17.9187387758	17.9376410827	17.4778447168
18.9687013976	18.5719414942	17.773180801	17.1003508179	17.2735007238	17.3256387999
18.9687013976	18.3826951808	18.2210779545	18.0885263184	18.3057014012	18.5250547071
18.9687013976	18.5789495549	18.6946348388	18.3795938325	18.7554466429	18.8786996162
18.9687013976	18.8867441341	18.7107316591	18.457185406	18.3301463451	18.3849661136
18.9687013976	18.3188263655	18.1926057776	18.4183997135	18.1459453734	17.6021830536
18.9687013976	18.2013861846	18.2272522888	17.8958642183	17.5817830103	18.0076733862
18.9687013976	18.1554374458	18.3881053175	18.7808603898	18.5133169641	18.925324417
18.9687013976	18.7972381541	18.8746173637	18.3542629968	18.5082390012	18.3292387208
